time (s)	theta (A)	maj axis/z0	min axis/z0	crossing#mod 255
6536.345606	85.910042	0.784878	0.034069	41
6538.372590	85.934319	0.783600	0.034264	43
6540.398972	85.955940	0.782712	0.034603	45
6542.424872	85.968033	0.782206	0.034939	47
6544.450955	85.978760	0.779278	0.035051	49
6546.479391	85.941063	0.792445	0.035260	51
6548.508951	85.908661	0.803449	0.035056	53
6550.538670	85.873207	0.814512	0.034611	55
6552.567859	85.848488	0.825686	0.034501	57
6554.597415	85.818100	0.837331	0.034374	59
6556.626262	85.810310	0.848859	0.034025	61
6558.655409	85.797981	0.861058	0.034004	63
6560.684717	85.761284	0.872764	0.033922	65
6562.713575	85.750824	0.884690	0.033842	67
6564.742146	85.723877	0.895810	0.034006	69
6566.771018	85.706558	0.906711	0.033410	71
6568.799295	85.688805	0.917137	0.033261	73
6570.827520	85.682785	0.927801	0.033077	75
6572.856198	85.658394	0.939866	0.032770	77
6574.884285	85.631622	0.951123	0.032497	79
6576.913165	85.608482	0.961652	0.032362	81
6578.941019	85.626060	0.972609	0.032089	83
6580.969577	85.573586	0.982391	0.032090	85
6582.998360	85.582153	0.992940	0.031770	87
6585.026789	85.600700	1.002782	0.031575	89
6587.055541	85.571259	1.012461	0.031663	91
6589.083885	85.556503	1.020920	0.031665	93
6591.112007	85.580521	1.030486	0.031418	95
6593.140812	85.592987	1.039971	0.031281	97
6595.169262	85.574890	1.049399	0.031423	99
6597.197549	85.578957	1.057755	0.031318	101
6599.225898	85.594215	1.066778	0.031122	103
6601.253925	85.585037	1.076157	0.030918	105
6603.282285	85.569626	1.084940	0.030724	107
6605.310832	85.597382	1.093288	0.030639	109
6607.338661	85.592056	1.102562	0.030840	111
6609.366813	85.569870	1.111265	0.030725	113
6611.394799	85.566879	1.119512	0.030515	115
6613.423078	85.577484	1.126870	0.030433	117
6615.451207	85.572876	1.133901	0.030559	119
6617.478702	85.559120	1.141260	0.030738	121
6619.506637	85.585609	1.148866	0.030916	123
6621.534509	85.580032	1.155619	0.030901	125
6623.562187	85.555420	1.162604	0.030821	127
6625.589725	85.535881	1.169062	0.030642	129
6627.617142	85.566795	1.174591	0.030482	131
6629.645089	85.566696	1.180523	0.030425	133
6631.672441	85.583847	1.186643	0.030202	135
6633.699976	85.563538	1.192667	0.030275	137
6635.727766	85.587654	1.198276	0.030144	139
6637.755371	85.624168	1.203245	0.030144	141
6639.782919	85.576782	1.208347	0.030367	143
6641.810624	85.617111	1.212768	0.030285	145
6643.837987	85.630630	1.218819	0.030447	147
6645.865654	85.626343	1.224628	0.030623	149
6647.893177	85.634102	1.228800	0.030701	151
6649.920626	85.653603	1.233001	0.030857	153
6651.948187	85.708771	1.238608	0.031148	155
6653.975884	85.703705	1.242780	0.031424	157
6656.003123	85.687088	1.247454	0.031583	159
6658.030705	85.748840	1.252419	0.031656	161
6660.058312	85.744957	1.256725	0.031724	163
6662.085606	85.745560	1.260432	0.031965	165
6664.112878	85.720131	1.264032	0.032003	167
6666.140245	85.764099	1.267538	0.031895	169
6668.167504	85.743469	1.273034	0.031970	171
6670.194872	85.762794	1.277239	0.032035	173
6672.221956	85.759232	1.280898	0.032279	175
6674.249348	85.755775	1.284076	0.032347	177
6676.276632	85.732071	1.288491	0.032447	179
6678.303843	85.745331	1.292534	0.032444	181
6680.330991	85.762154	1.296562	0.032566	183
6682.358491	85.750740	1.300157	0.032692	185
6684.385762	85.752930	1.304033	0.032935	187
6686.413162	85.766113	1.308019	0.032804	189
6688.440594	85.766441	1.310732	0.032705	191
6690.467902	85.783798	1.314332	0.032998	193
6692.495354	85.786011	1.318145	0.033121	195
6694.522644	85.788887	1.321031	0.032899	197
6696.549959	85.824799	1.323473	0.032657	199
6698.577333	85.826950	1.327104	0.032834	201
6700.604334	85.843834	1.329118	0.032644	203
6702.631683	85.881859	1.331425	0.032777	205
6704.659085	85.879761	1.334240	0.032883	207
6706.686004	85.891441	1.338262	0.032824	209
6708.712882	85.900635	1.340334	0.032780	211
6710.740275	85.933228	1.342480	0.032816	213
6712.767550	85.928459	1.347014	0.032598	215
6714.794761	85.955246	1.347881	0.032470	217
6716.821899	85.992058	1.351312	0.032570	219
6718.849360	86.007805	1.353904	0.032647	221
6720.876593	86.005402	1.356381	0.032568	223
6722.904003	86.020248	1.358573	0.032351	225
6724.931336	86.032379	1.360859	0.032520	227
6726.958629	86.072632	1.363425	0.032726	229
6728.985842	86.059540	1.366035	0.032723	231
6731.013317	86.093864	1.367236	0.032663	233
6733.040793	86.079094	1.369904	0.032867	235
6735.068002	86.129272	1.372451	0.032682	237
6737.095355	86.079926	1.376133	0.032660	239
6739.122716	86.138344	1.378121	0.032581	241
6741.150122	86.135780	1.379915	0.032663	243
6743.177451	86.155853	1.382627	0.032710	245
6745.204597	86.153671	1.385455	0.032728	247
6747.231606	86.213432	1.379600	0.032578	249
6749.258526	86.253845	1.376433	0.032510	251
6751.284698	86.218933	1.374456	0.032768	253
6753.311458	86.237236	1.371840	0.032940	255
6755.338518	86.242645	1.370981	0.033099	1
6757.365152	86.256447	1.369376	0.033480	3
6759.391625	86.266716	1.367008	0.033601	5
6761.418609	86.313805	1.366220	0.033921	7
6763.445251	86.331032	1.364573	0.034096	9
6765.471729	86.333092	1.363466	0.034237	11
6767.498394	86.345963	1.361415	0.034408	13
6769.525183	86.393082	1.360763	0.034665	15
6771.551282	86.394127	1.359202	0.034633	17
6773.577956	86.417557	1.355565	0.034743	19
6775.604847	86.440659	1.352764	0.034720	21
6777.631298	86.454224	1.348867	0.034747	23
6779.657605	86.476242	1.345777	0.034639	25
6781.684372	86.459602	1.343845	0.034652	27
6783.711151	86.483818	1.344153	0.034808	29
6785.737824	86.524101	1.342911	0.034937	31
6787.764319	86.549011	1.339451	0.035099	33
6789.791254	86.601410	1.336913	0.035278	35
6791.817981	86.611877	1.335548	0.035504	37
6793.844270	86.633743	1.333853	0.035575	39
6795.871097	86.641739	1.331818	0.035732	41
6797.897924	86.667725	1.329843	0.035758	43
6799.924454	86.697296	1.327937	0.035791	45
6801.951066	86.691521	1.326124	0.036038	47
6803.977684	86.722519	1.323627	0.036032	49
6806.004618	86.720581	1.322215	0.036268	51
6808.031061	86.762352	1.320618	0.036297	53
6810.057869	86.773239	1.318876	0.036474	55
6812.084603	86.773437	1.316822	0.036453	57
6814.111296	86.820442	1.315152	0.036525	59
6816.137796	86.822670	1.313362	0.036554	61
6818.164368	86.855156	1.311378	0.036742	63
6820.191199	86.874153	1.309605	0.036961	65
6822.217689	86.886238	1.307957	0.037144	67
6824.244172	86.867615	1.305917	0.037166	69
6826.270720	86.885956	1.303121	0.036997	71
6828.297357	86.927780	1.300667	0.037016	73
6830.323782	86.926308	1.299544	0.037335	75
6832.350301	86.953583	1.297576	0.037339	77
6834.376978	86.971245	1.296235	0.037395	79
6836.403656	86.992310	1.294356	0.037517	81
6838.430054	87.019592	1.292199	0.037479	83
6840.456616	87.055145	1.290064	0.037416	85
6842.483331	87.067032	1.289156	0.037590	87
6844.509821	87.112663	1.286582	0.037618	89
6846.536160	87.129387	1.285134	0.037915	91
6848.562717	87.144798	1.283564	0.038050	93
6850.589212	87.146843	1.282171	0.038126	95
6852.615947	87.204224	1.279948	0.038089	97
6854.642545	87.206024	1.278922	0.038083	99
6856.669025	87.226128	1.278360	0.038273	101
6858.695836	87.264969	1.276618	0.038514	103
6860.722052	87.273697	1.273806	0.038704	105
6862.748772	87.302361	1.272753	0.038791	107
6864.775060	87.332436	1.270309	0.039040	109
6866.801803	87.352669	1.268222	0.038921	111
6868.828631	87.363182	1.266206	0.039237	113
6870.855124	87.398224	1.263898	0.039298	115
6872.881661	87.431190	1.262852	0.039572	117
6874.908176	87.439384	1.261390	0.039529	119
6876.934879	87.467369	1.260765	0.039852	121
6878.961902	87.467247	1.258795	0.040149	123
6880.988384	87.509293	1.257112	0.040040	125
6883.015281	87.540337	1.256926	0.040354	127
6885.041838	87.546097	1.254953	0.040394	129
6887.068156	87.571594	1.253068	0.040430	131
6889.094874	87.574516	1.251118	0.040818	133
6891.121312	87.589828	1.250170	0.041007	135
6893.147710	87.626312	1.248220	0.041020	137
6895.174491	87.663429	1.245614	0.041053	139
6897.200720	87.704529	1.243404	0.041222	141
6899.227479	87.709442	1.241175	0.041430	143
6901.253974	87.720856	1.238745	0.041765	145
6903.280565	87.737823	1.237341	0.041691	147
6905.307095	87.768547	1.234860	0.041821	149
6907.333506	87.790588	1.232769	0.041950	151
6909.360188	87.815704	1.231630	0.041977	153
6911.386604	87.840065	1.230031	0.042145	155
6913.413149	87.874748	1.229113	0.042187	157
6915.439746	87.892166	1.227797	0.042288	159
