crossing time (s)	slope (V/s)	crossing number
8853.038533	5.342187	6412
8854.057053	4.891677	6413
8855.065431	4.833299	6414
8856.085491	4.536996	6415
8857.088269	4.815542	6416
8858.111215	4.793478	6417
8859.115572	5.199130	6418
8860.138472	4.878461	6419
8861.139758	4.751513	6420
8862.165902	4.547453	6421
8863.168638	4.664401	6422
8864.191496	4.539848	6423
8865.193966	5.202575	6424
8866.220121	4.473199	6425
8867.219133	4.706353	6426
8868.245800	4.501392	6427
8869.248470	4.593924	6428
8870.274681	4.391233	6429
8871.276752	4.636512	6430
8872.301801	4.226208	6431
8873.305906	4.529292	6432
8874.327268	4.659237	6433
8875.332683	4.548379	6434
8876.354788	4.466034	6435
8877.361533	4.257474	6436
8878.381095	4.452128	6437
8879.389970	4.613122	6438
8880.408659	4.768987	6439
8881.417810	5.043391	6440
8882.434529	4.840562	6441
8883.445198	5.300530	6442
8884.461309	4.981803	6443
8885.474957	5.396762	6444
8886.486932	5.042218	6445
8887.504326	5.260151	6446
8888.514011	5.274073	6447
8889.531170	5.660452	6448
8890.538281	5.156537	6449
8891.558803	5.131138	6450
8892.567332	4.927722	6451
8893.585724	4.893659	6452
8894.595107	4.966763	6453
8895.613868	4.844021	6454
8896.620628	4.860293	6455
8897.640621	4.620714	6456
8898.648701	4.612763	6457
8899.668460	4.473938	6458
8900.677902	4.507547	6459
8901.696673	4.246823	6460
8902.702349	4.535076	6461
8903.722440	4.570353	6462
8904.731363	4.577846	6463
8905.750391	4.494439	6464
8906.758462	4.313001	6465
8907.776606	4.366975	6466
8908.787572	4.559471	6467
8909.803488	4.640466	6468
8910.813112	4.744526	6469
8911.832100	4.815428	6470
8912.838591	4.672298	6471
8913.859276	4.655096	6472
8914.865942	4.654032	6473
8915.887024	4.731307	6474
8916.893232	4.855662	6475
8917.913944	4.818835	6476
8918.920555	4.949993	6477
8919.941589	5.084438	6478
8920.948397	4.938696	6479
8921.968007	5.059686	6480
8922.974036	4.974710	6481
8923.994264	4.915901	6482
8925.002333	5.036024	6483
8926.020828	5.366251	6484
8927.030696	5.066523	6485
8928.046869	5.326876	6486
8929.057390	4.964122	6487
8930.073560	5.261283	6488
8931.087150	4.997724	6489
8932.100183	5.481654	6490
8933.115765	5.157911	6491
8934.124765	5.544514	6492
8935.141992	5.090261	6493
8936.151826	5.291684	6494
8937.169176	5.070123	6495
8938.177690	5.350222	6496
8939.197758	5.060786	6497
8940.205165	5.423792	6498
8941.224858	5.116359	6499
8942.233461	5.226879	6500
8943.254207	5.050726	6501
8944.257832	5.224083	6502
8945.280422	4.913990	6503
8946.286148	5.151369	6504
8947.307866	5.077427	6505
8948.312945	5.141014	6506
8949.335230	5.101069	6507
8950.339933	5.106175	6508
8951.360886	4.918323	6509
8952.367907	5.079806	6510
8953.389093	5.029898	6511
8954.394205	5.233925	6512
8955.416417	5.177227	6513
8956.424200	5.308385	6514
8957.443170	5.193508	6515
8958.450904	5.404921	6516
8959.468762	5.155429	6517
8960.478737	5.597277	6518
8961.495512	5.221197	6519
8962.508456	5.649469	6520
8963.522027	5.306422	6521
8964.533987	5.718205	6522
8965.547822	5.474025	6523
8966.562623	5.590726	6524
8967.574383	5.303740	6525
8968.590648	5.610525	6526
8969.600379	5.412072	6527
8970.618165	5.700122	6528
8971.628137	5.348086	6529
8972.647374	5.516142	6530
8973.653271	5.428594	6531
8974.673637	5.463733	6532
8975.681434	5.419800	6533
8976.701162	5.356507	6534
8977.706925	5.285108	6535
8978.730269	5.193726	6536
8979.735180	5.292311	6537
8980.754273	5.263057	6538
8981.762378	5.247057	6539
8982.782412	5.150450	6540
8983.788784	5.201947	6541
8984.810473	5.185192	6542
8985.816113	5.145440	6543
8986.836898	5.185580	6544
8987.844213	5.227099	6545
8988.865527	5.217234	6546
8989.871566	5.196649	6547
8990.889598	5.269374	6548
8991.898863	5.088260	6549
8992.917626	5.217910	6550
8993.924304	5.291947	6551
8994.945057	5.294317	6552
8995.951553	5.375645	6553
8996.972473	5.356729	6554
8997.977893	5.338421	6555
8998.999931	5.278823	6556
9000.006187	5.324038	6557
9001.025196	5.403320	6558
9002.032648	5.390066	6559
9003.053024	5.442843	6560
9004.059330	5.562577	6561
9005.080191	5.525483	6562
9006.087951	5.460600	6563
9007.106790	5.604153	6564
9008.113935	5.522107	6565
9009.133712	5.613084	6566
9010.141236	5.535601	6567
9011.159142	5.811560	6568
9012.169560	5.442449	6569
9013.186106	5.689062	6570
9014.196395	5.350391	6571
9015.211457	5.656312	6572
9016.224959	5.535345	6573
9017.239728	5.873273	6574
9018.253965	5.571422	6575
9019.264912	5.829635	6576
9020.280783	5.480068	6577
9021.290752	5.722444	6578
9022.307942	5.402723	6579
9023.318192	5.610904	6580
9024.336250	5.444646	6581
9025.343995	5.671980	6582
9026.362191	5.573182	6583
9027.372964	5.585764	6584
9028.390757	5.398894	6585
9029.399136	5.480469	6586
9030.418709	5.406631	6587
9031.426022	5.653547	6588
9032.443576	5.514891	6589
9033.453291	5.717657	6590
9034.472072	5.557035	6591
9035.480155	5.607896	6592
9036.497266	5.377100	6593
9037.507540	5.757048	6594
9038.524398	5.571656	6595
9039.535856	5.869676	6596
9040.551678	5.687780	6597
9041.562997	5.853421	6598
9042.577592	5.664410	6599
9043.591802	5.852569	6600
9044.604673	5.569691	6601
9045.616692	5.930579	6602
9046.630757	5.785907	6603
9047.644864	6.041342	6604
9048.658598	5.635168	6605
9049.672972	5.868651	6606
9050.682356	5.554767	6607
9051.700422	5.840714	6608
9052.709550	5.731671	6609
9053.728774	5.905369	6610
9054.735683	5.699177	6611
9055.753404	5.844993	6612
9056.763744	5.662049	6613
9057.783213	5.632023	6614
9058.788627	5.580596	6615
9059.809579	5.531852	6616
9060.816426	5.719752	6617
9061.836344	5.697175	6618
9062.842580	5.551583	6619
9063.863789	5.616138	6620
9064.870659	5.522758	6621
9065.889818	5.533293	6622
9066.897571	5.463728	6623
9067.918918	5.460575	6624
9068.924920	5.688128	6625
9069.945037	5.593353	6626
9070.951306	5.527650	6627
9071.972853	5.634501	6628
9072.977554	5.455156	6629
9073.998583	5.403421	6630
9075.005766	5.713873	6631
9076.025392	5.654224	6632
9077.031842	5.653427	6633
9078.053639	5.650377	6634
9079.058716	5.505682	6635
9080.079674	5.504198	6636
9081.087061	5.505639	6637
9082.107803	5.652508	6638
9083.111716	5.825176	6639
9084.134952	5.757759	6640
9085.140737	5.539705	6641
9086.159886	5.665712	6642
9087.166454	5.289360	6643
9088.187276	5.495649	6644
9089.193480	5.544469	6645
9090.212745	5.726303	6646
9091.218751	5.495006	6647
9092.238940	5.669678	6648
9093.245706	5.446234	6649
9094.264290	5.537958	6650
9095.274197	5.352458	6651
9096.291585	5.648366	6652
9097.300018	5.579583	6653
9098.316759	5.714755	6654
9099.327755	5.608324	6655
9100.343204	5.651726	6656
9101.353610	5.495513	6657
9102.367741	5.672343	6658
9103.379977	5.629489	6659
9104.395810	5.835974	6660
9105.407799	5.758085	6661
9106.419507	5.845320	6662
9107.433263	5.553271	6663
9108.447427	5.764864	6664
9109.461231	5.457735	6665
9110.472224	5.930896	6666
9111.487218	5.578613	6667
9112.498343	5.970834	6668
9113.514131	5.570036	6669
9114.524442	5.709178	6670
9115.539716	5.358258	6671
9116.552179	5.668082	6672
9117.567331	5.482011	6673
9118.577972	5.839685	6674
9119.593643	5.544578	6675
9120.602873	5.631816	6676
9121.617509	5.395569	6677
9122.630861	5.489975	6678
9123.645894	5.322041	6679
9124.657388	5.497700	6680
9125.670237	5.390605	6681
9126.684257	5.580311	6682
9127.698026	5.439219	6683
9128.711957	5.495509	6684
9129.722037	5.288027	6685
9130.737710	5.416531	6686
9131.748378	5.443409	6687
9132.765063	5.605983	6688
9133.774426	5.375285	6689
9134.792574	5.556052	6690
9135.801149	5.320467	6691
9136.819377	5.527338	6692
9137.825213	5.344534	6693
9138.845742	5.578777	6694
9139.851114	5.469889	6695
9140.871769	5.641621	6696
9141.877561	5.272278	6697
9142.899022	5.292285	6698
9143.904633	5.164803	6699
9144.924525	5.286109	6700
9145.931919	5.343407	6701
9146.952043	5.430593	6702
9147.956176	5.318568	6703
9148.977657	5.358218	6704
9149.982014	5.110224	6705
9151.004262	5.238144	6706
9152.009780	5.186903	6707
9153.031082	5.223218	6708
9154.036439	5.257085	6709
9155.056496	5.375636	6710
9156.060479	5.075816	6711
9157.083327	5.248151	6712
9158.088695	5.126999	6713
9159.109207	5.258992	6714
9160.114755	5.304282	6715
9161.136707	5.379053	6716
9162.140416	5.249622	6717
9163.161734	5.229823	6718
9164.168929	5.060328	6719
9165.190184	5.202717	6720
9166.193420	5.347215	6721
9167.214670	5.337652	6722
9168.220540	5.200297	6723
9169.241270	5.422044	6724
9170.246429	5.215714	6725
9171.267857	5.120512	6726
9172.272789	5.077167	6727
9173.293502	5.237718	6728
9174.298977	5.158094	6729
9175.320748	5.207413	6730
9176.327335	5.155873	6731
9177.344108	5.330311	6732
9178.349428	4.916944	6733
9179.371234	4.966107	6734
9180.377806	5.019897	6735
9181.397455	5.166544	6736
9182.406960	5.054604	6737
9183.424875	5.345162	6738
9184.432334	4.965447	6739
9185.448084	5.121036	6740
9186.457967	4.904131	6741
9187.475177	5.148942	6742
9188.486220	5.102973	6743
9189.500804	5.193882	6744
9190.513161	5.087965	6745
9191.526926	5.143432	6746
9192.539271	4.816113	6747
9193.553884	5.043495	6748
9194.564835	4.892821	6749
9195.579779	5.210098	6750
9196.592610	4.946234	6751
9197.604590	5.011990	6752
9198.617567	4.805232	6753
9199.632315	4.924396	6754
9200.644833	4.810241	6755
9201.659177	5.048701	6756
9202.670788	4.847940	6757
9203.683878	5.161976	6758
9204.696430	4.976332	6759
9205.712677	5.037904	6760
9206.723630	4.741388	6761
9207.737769	4.939745	6762
9208.748748	4.833882	6763
9209.765320	5.002053	6764
9210.775249	4.882800	6765
9211.791798	4.996734	6766
9212.800011	4.802619	6767
9213.818627	5.011566	6768
9214.825667	4.727885	6769
9215.844164	4.875660	6770
9216.853526	4.877063	6771
9217.870914	5.038288	6772
9218.877492	4.747017	6773
9219.899987	4.982710	6774
9220.903858	4.771442	6775
9221.925608	4.898801	6776
9222.929993	4.728086	6777
9223.951681	4.968595	6778
9224.955298	4.768429	6779
9225.977210	4.896584	6780
9226.982839	4.669741	6781
9228.004322	4.834195	6782
9229.010140	4.697023	6783
9230.032579	4.818448	6784
9231.035520	4.779252	6785
9232.057263	4.859642	6786
9233.058971	4.561951	6787
9234.084012	4.849168	6788
9235.087397	4.627006	6789
9236.108703	4.733277	6790
9237.114618	4.791573	6791
9238.136392	4.811007	6792
9239.141114	4.649770	6793
9240.164953	4.853409	6794
9241.165469	4.734243	6795
9242.190209	4.783446	6796
9243.190525	4.579709	6797
9244.216250	4.785935	6798
9245.218973	4.661039	6799
9246.240874	4.708413	6800
9247.245750	4.676869	6801
9248.267807	4.710744	6802
9249.272326	4.592332	6803
9250.295524	4.717771	6804
9251.297137	4.607402	6805
9252.321947	4.657391	6806
9253.322098	4.513176	6807
9254.347646	4.780127	6808
9255.349655	4.542250	6809
9256.371449	4.678441	6810
9257.377743	4.493750	6811
9258.399084	4.664480	6812
9259.403940	4.519796	6813
9260.427057	4.696774	6814
9261.430277	4.583972	6815
9262.450649	4.710855	6816
9263.455929	4.452140	6817
9264.476480	4.619737	6818
9265.482527	4.437107	6819
9266.502855	4.616881	6820
9267.508965	4.471961	6821
9268.529957	4.712530	6822
9269.535617	4.375765	6823
9270.555530	4.588581	6824
9271.563047	4.498858	6825
9272.579665	4.579676	6826
9273.589706	4.440809	6827
9274.607634	4.559730	6828
9275.614043	4.456542	6829
9276.632141	4.676496	6830
9277.641746	4.438955	6831
9278.658326	4.501015	6832
9279.668390	4.351206	6833
9280.684544	4.464483	6834
9281.694487	4.458018	6835
9282.712895	4.491551	6836
9283.720627	4.375451	6837
9284.737054	4.569867	6838
9285.746343	4.292587	6839
9286.764415	4.417605	6840
9287.774327	4.279852	6841
9288.790524	4.477418	6842
9289.794816	4.433332	6843
9290.817775	4.606593	6844
9291.823925	4.297155	6845
9292.844614	4.421352	6846
9293.851554	4.205766	6847
9294.870285	4.359187	6848
9295.876997	4.329134	6849
9296.896324	4.507682	6850
9297.902529	4.356980	6851
9298.923702	4.355411	6852
9299.928472	4.222561	6853
9300.951303	4.315987	6854
9301.955710	4.166583	6855
9302.976301	4.500552	6856
9303.979900	4.460629	6857
9305.000397	4.503785	6858
9306.006613	4.238516	6859
9307.029787	4.380566	6860
9308.034482	4.296707	6861
9309.057083	4.193485	6862
9310.058862	4.346168	6863
9311.083174	4.366205	6864
9312.083558	4.384595	6865
9313.107635	4.407696	6866
9314.111414	4.073991	6867
9315.134744	4.239848	6868
9316.138491	4.202323	6869
9317.160850	4.369453	6870
9318.164580	4.340419	6871
9319.186960	4.402644	6872
9320.188894	4.200126	6873
9321.213478	4.263587	6874
9322.216330	4.127486	6875
9323.241641	4.019238	6876
9324.243068	4.303408	6877
9325.265968	4.337280	6878
9326.269922	4.260555	6879
9327.292537	4.260246	6880
9328.294888	4.065657	6881
9329.319448	4.139407	6882
9330.320917	3.994863	6883
9331.344494	4.194405	6884
9332.347944	4.236959	6885
9333.372131	4.297553	6886
9334.374622	3.947465	6887
9335.395198	4.215055	6888
9336.401285	4.001454	6889
9337.423206	4.064081	6890
9338.426824	4.208423	6891
9339.450348	4.249835	6892
9340.451689	4.070821	6893
9341.476125	4.192185	6894
9342.479227	3.959954	6895
9343.502518	4.055772	6896
9344.507065	4.002259	6897
9345.528388	4.178968	6898
9346.532814	4.190277	6899
9347.554168	4.179337	6900
9348.557324	3.907234	6901
9349.578858	4.012487	6902
9350.585678	4.012943	6903
9351.604597	4.025540	6904
9352.611878	4.137477	6905
9353.630431	4.232174	6906
9354.638265	4.019979	6907
9355.657241	4.043261	6908
9356.665841	3.895238	6909
9357.682673	3.932055	6910
9358.692413	3.970544	6911
9359.710987	4.166927	6912
9360.716035	4.012808	6913
9361.734872	4.142947	6914
9362.743741	3.826643	6915
9363.760221	3.832620	6916
9364.770072	3.923921	6917
9365.789785	4.034112	6918
9366.795935	4.078065	6919
9367.813401	4.165495	6920
9368.821311	3.936598	6921
9369.840903	3.987301	6922
9370.847305	3.780127	6923
9371.866402	3.885069	6924
9372.874501	3.988450	6925
9373.893326	4.025031	6926
9374.899434	3.985382	6927
9375.919021	4.062915	6928
9376.925395	3.780653	6929
9377.945100	3.864973	6930
9378.952945	3.882569	6931
9379.972933	3.895146	6932
9380.974761	3.874809	6933
9381.998629	4.026843	6934
9383.002029	3.804529	6935
9384.023091	3.902160	6936
9385.030174	3.727514	6937
9386.052649	3.833221	6938
9387.057920	3.943486	6939
9388.081595	3.966488	6940
9389.079834	3.911328	6941
9390.106854	3.988265	6942
9391.105428	3.605745	6943
9392.132346	3.851904	6944
9393.135538	3.748658	6945
9394.156746	3.746369	6946
9395.159430	3.928173	6947
9396.184690	4.017786	6948
9397.185173	3.675844	6949
9398.209110	3.750349	6950
9399.210635	3.638256	6951
9400.237604	3.638221	6952
9401.237708	3.840010	6953
9402.265423	3.811920	6954
9403.265307	3.745988	6955
9404.289514	3.999371	6956
9405.291022	3.593771	6957
9406.314296	3.686402	6958
9407.316801	3.768279	6959
9408.341458	3.714993	6960
9409.341921	3.821227	6961
9410.369361	3.854361	6962
9411.366344	3.496533	6963
9412.395288	3.762773	6964
9413.398364	3.665833	6965
9414.420468	3.624702	6966
9415.422098	3.865001	6967
9416.446373	3.696937	6968
9417.447979	3.661662	6969
9418.471206	3.827018	6970
9419.471561	3.569671	6971
9420.497868	3.511664	6972
9421.498520	3.519965	6973
9422.524893	3.718455	6974
9423.526229	3.752356	6975
9424.549681	3.751613	6976
9425.552201	3.681027	6977
9426.576549	3.752806	6978
9427.581376	3.505601	6979
9428.602966	3.600687	6980
9429.605609	3.625131	6981
9430.630767	3.680619	6982
9431.631861	3.611132	6983
9432.653836	3.772089	6984
9433.656702	3.555261	6985
9434.679682	3.538677	6986
9435.683467	3.578887	6987
9436.704550	3.763501	6988
9437.710743	3.733218	6989
9438.733417	3.687924	6990
9439.736053	3.644923	6991
9440.759875	3.572885	6992
9441.765232	3.524213	6993
9442.784902	3.761832	6994
9443.787811	3.555879	6995
9444.810145	3.670318	6996
9445.813809	3.542424	6997
9446.836888	3.717313	6998
9447.844885	3.480911	6999
9448.862991	3.516588	7000
9449.867507	3.473649	7001
9450.889800	3.668600	7002
9451.895895	3.533569	7003
9452.914336	3.530163	7004
9453.916999	3.170932	7005
9454.941672	3.568454	7006
9455.947868	3.427342	7007
9456.965236	3.468224	7008
9457.974323	3.477127	7009
9458.994747	3.533330	7010
9459.996446	3.374538	7011
9461.020155	3.582020	7012
9462.024575	3.315394	7013
9463.045088	3.477649	7014
9464.048815	3.471493	7015
9465.074190	3.555945	7016
9466.076790	3.385160	7017
9467.098445	3.443042	7018
9468.102286	3.405344	7019
9469.125724	3.377592	7020
9470.127471	3.427595	7021
9471.153901	3.458021	7022
9472.154334	3.456612	7023
9473.177080	3.499816	7024
9474.178835	3.405762	7025
9475.204872	3.450786	7026
9476.207300	3.346442	7027
9477.230087	3.422237	7028
9478.232663	3.342207	7029
9479.258562	3.347344	7030
9480.258034	3.331696	7031
9481.285380	3.448274	7032
9482.283827	3.400837	7033
9483.309044	3.412231	7034
9484.310051	3.361497	7035
9485.336122	3.391945	7036
9486.336687	3.290052	7037
9487.360905	3.377105	7038
9488.361971	3.400976	7039
9489.389363	3.331900	7040
9490.388952	3.341165	7041
9491.414178	3.424592	7042
9492.415365	3.301012	7043
9493.440991	3.345645	7044
9494.441003	3.241504	7045
9495.467450	3.412264	7046
9496.468900	3.342895	7047
9497.492582	3.348610	7048
9498.492460	3.316392	7049
9499.520456	3.187048	7050
9500.520341	3.221036	7051
9501.545017	3.253988	7052
9502.543862	3.268855	7053
9503.573208	3.314312	7054
9504.572490	3.294343	7055
9505.597619	3.381303	7056
9506.598682	3.284672	7057
9507.623040	3.229485	7058
9508.623171	3.159647	7059
9509.650683	3.357591	7060
9510.650671	3.245921	7061
9511.674946	3.352300	7062
9512.677385	3.165004	7063
9513.701103	3.354391	7064
9514.704651	3.166626	7065
9515.726903	3.170507	7066
9516.728216	3.223573	7067
9517.755067	3.159808	7068
9518.755461	3.212766	7069
9519.779254	3.245662	7070
9520.784374	3.180041	7071
9521.805651	3.150208	7072
9522.809794	3.145911	7073
9523.832369	3.262270	7074
9524.836263	3.221104	7075
9525.857387	3.258966	7076
9526.860026	3.172860	7077
9527.883279	3.208694	7078
9528.889257	3.102120	7079
9529.909439	3.132985	7080
9530.914537	3.128117	7081
9531.937840	3.282733	7082
9532.937422	3.050857	7083
9533.958972	3.233509	7084
9534.965633	3.082023	7085
9535.988842	3.091838	7086
9536.993472	3.124353	7087
9538.017313	3.171346	7088
9539.018365	3.194437	7089
9540.040171	3.185629	7090
9541.039333	2.963813	7091
9542.065489	3.072416	7092
9543.071226	3.059315	7093
9544.092575	3.082751	7094
9545.096076	3.264197	7095
9546.122429	3.103555	7096
9547.119264	2.970214	7097
9548.146094	3.170461	7098
9549.149249	2.963648	7099
9550.171995	2.980464	7100
9551.173850	3.064371	7101
9552.199574	3.214504	7102
9553.200953	3.034683	7103
9554.221671	3.138678	7104
9555.225472	2.961073	7105
9556.250900	2.991032	7106
9557.252945	3.062916	7107
9558.280360	3.172816	7108
9559.276417	3.120298	7109
9560.301918	3.144124	7110
9561.302522	2.915272	7111
9562.331662	3.043923	7112
9563.331281	3.070199	7113
9564.357248	2.899647	7114
9565.353462	2.977761	7115
9566.386151	3.202939	7116
9567.382618	2.988243	7117
9568.404430	2.987967	7118
9569.408023	2.796395	7119
9570.435566	2.805735	7120
9571.436376	3.026054	7121
9572.461427	3.031578	7122
9573.459194	3.057351	7123
9574.485784	3.048612	7124
9575.485700	2.928965	7125
9576.513946	2.924816	7126
9577.514668	2.975837	7127
9578.540588	2.960011	7128
9579.538060	2.986396	7129
9580.567076	3.095691	7130
9581.564580	2.835464	7131
9582.590394	2.878841	7132
9583.592546	2.929163	7133
9584.619993	2.771474	7134
9585.618450	3.003481	7135
9586.643454	3.062550	7136
9587.639397	2.872987	7137
9588.669317	3.086238	7138
9589.670413	2.618946	7139
9590.694306	2.855354	7140
9591.696813	2.935983	7141
9592.724114	2.739503	7142
9593.719670	2.906694	7143
9594.749399	3.032427	7144
9595.748563	2.720768	7145
9596.771555	2.859757	7146
9597.774997	2.794078	7147
9598.802081	2.866095	7148
9599.801385	3.117620	7149
9600.825468	2.877931	7150
9601.825364	2.775931	7151
9602.851325	2.899529	7152
9603.855306	2.689660	7153
9604.876766	2.692051	7154
9605.878559	2.870692	7155
9606.903937	2.993335	7156
9607.903839	2.727797	7157
9608.929201	2.942086	7158
9609.931265	2.676567	7159
9610.956224	2.744950	7160
9611.961690	2.826273	7161
9612.981548	2.739653	7162
9613.984188	2.882370	7163
9615.009028	2.951385	7164
9616.009463	2.682547	7165
9617.030397	2.584422	7166
9618.038936	2.678131	7167
9619.060620	2.708645	7168
9620.064579	2.840624	7169
9621.085799	2.835901	7170
9622.085326	2.875550	7171
9623.110531	2.603514	7172
9624.115730	2.578329	7173
9625.138942	2.700025	7174
9626.140682	2.908390	7175
9627.165637	2.823660	7176
9628.163924	2.772934	7177
9629.189757	2.915070	7178
9630.191000	2.608476	7179
9631.218661	2.578878	7180
9632.216563	2.763174	7181
9633.244965	2.801805	7182
9634.239532	2.795902	7183
9635.268457	2.761187	7184
9636.268796	2.449811	7185
9637.295066	2.708106	7186
9638.296482	2.622963	7187
9639.320225	2.591887	7188
9640.319214	2.751109	7189
9641.349881	2.769896	7190
9642.346295	2.609869	7191
9643.373088	2.696523	7192
9644.372776	2.547145	7193
9645.399178	2.489230	7194
9646.400573	2.685442	7195
9647.426600	2.645784	7196
9648.421351	2.664230	7197
9649.453506	2.734652	7198
9650.450915	2.460448	7199
9651.478322	2.524716	7200
9652.478963	2.651772	7201
9653.506951	2.571640	7202
9654.502834	2.651976	7203
9655.529290	2.709389	7204
9656.526869	2.513112	7205
9657.555300	2.630976	7206
9658.556376	2.509817	7207
9659.585794	2.540619	7208
9660.580600	2.729438	7209
9661.609760	2.587284	7210
9662.605588	2.520839	7211
9663.633147	2.591969	7212
9664.633719	2.433358	7213
9665.660025	2.508716	7214
9666.659446	2.592352	7215
9667.689720	2.647213	7216
9668.685975	2.640576	7217
9669.712774	2.649273	7218
9670.712212	2.414027	7219
9671.738089	2.383059	7220
9672.741383	2.459717	7221
9673.764725	2.523551	7222
9674.763866	2.443568	7223
9675.792772	2.758552	7224
9676.787397	2.478559	7225
9677.817534	2.733254	7226
9678.815945	2.460342	7227
9679.842309	2.422637	7228
9680.844181	2.513206	7229
9681.871727	2.539641	7230
9682.867985	2.499955	7231
9683.893067	2.695263	7232
9684.894924	2.441184	7233
9685.920221	2.410070	7234
9686.922601	2.620093	7235
9687.949551	2.591066	7236
9688.948297	2.512136	7237
9689.973527	2.598032	7238
9690.973120	2.346391	7239
9691.996430	2.514837	7240
9693.001021	2.341938	7241
9694.028332	2.491945	7242
9695.024464	2.575554	7243
9696.053591	2.560222	7244
9697.052319	2.570136	7245
9698.075804	2.429793	7246
9699.076050	2.401376	7247
9700.104741	2.336071	7248
9701.105830	2.552724	7249
9702.131186	2.553128	7250
9703.126060	2.469834	7251
9704.153952	2.474104	7252
9705.152995	2.386518	7253
9706.179336	2.409419	7254
9707.182846	2.432383	7255
9708.211491	2.497705	7256
9709.206692	2.557478	7257
9710.235801	2.483450	7258
9711.232906	2.385408	7259
9712.259150	2.454975	7260
9713.261446	2.447132	7261
9714.290030	2.372820	7262
9715.284949	2.448033	7263
9716.312554	2.509699	7264
9717.309459	2.430876	7265
9718.338069	2.394547	7266
9719.339246	2.311133	7267
9720.365049	2.301193	7268
9721.364507	2.382823	7269
9722.394307	2.384951	7270
9723.388671	2.394425	7271
9724.418178	2.394849	7272
9725.413642	2.399491	7273
9726.443786	2.349499	7274
9727.442741	2.381288	7275
9728.471170	2.339129	7276
9729.465879	2.399520	7277
9730.495875	2.297392	7278
9731.491177	2.413012	7279
9732.522536	2.421146	7280
9733.519999	2.281455	7281
9734.548585	2.389804	7282
9735.545303	2.325886	7283
9736.574653	2.387373	7284
9737.570716	2.339423	7285
9738.601106	2.328259	7286
9739.596614	2.255319	7287
9740.625062	2.396307	7288
9741.624097	2.316134	7289
9742.653193	2.305363	7290
9743.646971	2.307436	7291
9744.678255	2.309365	7292
9745.675442	2.377708	7293
9746.704955	2.299196	7294
9747.700235	2.302002	7295
9748.730461	2.283426	7296
9749.726921	2.323350	7297
9750.754833	2.314987	7298
9751.753240	2.318263	7299
9752.782415	2.362361	7300
9753.777412	2.367942	7301
9754.810349	2.347109	7302
9755.804352	2.275531	7303
9756.834908	2.231168	7304
9757.833361	2.173846	7305
9758.860158	2.271773	7306
9759.858250	2.195892	7307
9760.885608	2.239712	7308
9761.882735	2.194406	7309
9762.911246	2.272974	7310
9763.909521	2.280012	7311
9764.936689	2.239141	7312
9765.936967	2.179238	7313
9766.961839	2.230294	7314
9767.963616	2.230269	7315
9768.989053	2.290762	7316
9769.986097	2.213058	7317
9771.016634	2.321621	7318
9772.012490	2.149180	7319
9773.041004	2.178469	7320
9774.042041	2.213453	7321
9775.068398	2.168950	7322
9776.065092	2.286066	7323
9777.093964	2.293145	7324
9778.091108	2.173809	7325
9779.118496	2.287561	7326
9780.116697	2.123802	7327
9781.146549	2.186686	7328
9782.145606	2.235585	7329
9783.171440	2.211705	7330
9784.170664	2.164491	7331
9785.196165	2.257869	7332
9786.196817	2.146572	7333
9787.221797	2.089645	7334
9788.223124	2.103706	7335
9789.248579	2.132843	7336
9790.246767	2.203176	7337
9791.275487	2.163136	7338
9792.273210	2.052194	7339
9793.298474	2.205666	7340
9794.299603	2.180255	7341
9795.328325	2.056114	7342
9796.327951	2.328578	7343
9797.356867	2.043832	7344
9798.346671	2.100125	7345
9799.378675	2.338330	7346
9800.378407	2.096840	7347
9801.405052	2.056201	7348
9802.403036	2.148123	7349
9803.433893	2.133953	7350
9804.427427	2.193755	7351
9805.458674	2.305011	7352
9806.454858	2.104649	7353
9807.484059	2.073875	7354
9808.484196	2.090953	7355
9809.512321	2.073984	7356
9810.504347	2.268731	7357
9811.535790	2.208862	7358
9812.530134	2.034119	7359
9813.562732	2.202327	7360
9814.558040	2.053690	7361
9815.589679	1.996243	7362
9816.588308	2.194484	7363
9817.620104	2.107166	7364
9818.610545	2.167575	7365
9819.639585	2.067425	7366
9820.639274	2.079831	7367
9821.665475	1.983131	7368
9822.668076	2.260982	7369
9823.697026	1.938473	7370
9824.688407	2.132358	7371
9825.718751	2.113304	7372
9826.713590	1.986850	7373
9827.740338	2.132878	7374
9828.743144	2.055715	7375
9829.772921	2.012745	7376
9830.767776	2.220285	7377
9831.800188	2.153764	7378
9832.791166	2.097271	7379
9833.820825	2.115348	7380
9834.820222	1.929788	7381
9835.848555	1.962737	7382
9836.844565	2.085400	7383
9837.876832	2.126139	7384
9838.866643	2.038137	7385
9839.900979	2.140613	7386
9840.895258	1.948459	7387
9841.924250	1.929512	7388
9842.927650	2.044198	7389
9843.954678	1.852361	7390
9844.945414	2.113426	7391
9845.979148	2.139023	7392
9846.978540	1.873152	7393
9848.001144	2.001424	7394
9849.002729	2.005139	7395
9850.031403	1.871453	7396
9851.025628	2.194557	7397
9852.060422	1.981378	7398
9853.052102	2.046194	7399
9854.079719	2.149599	7400
9855.079326	1.873791	7401
9856.108575	2.055544	7402
9857.107544	2.057848	7403
9858.136516	2.023899	7404
9859.128313	2.108651	7405
9860.161167	2.145723	7406
9861.156346	1.824864	7407
9862.181156	1.999745	7408
9863.184787	1.923894	7409
9864.214906	1.926820	7410
9865.208995	2.082682	7411
9866.241600	2.012241	7412
9867.232472	1.908750	7413
9868.263188	2.070007	7414
9869.264503	1.815847	7415
9870.290089	1.783057	7416
9871.287579	2.021475	7417
9872.317941	1.936947	7418
9873.311241	1.994624	7419
9874.340629	2.014792	7420
9875.338668	1.866292	7421
9876.366736	1.887513	7422
9877.368326	2.012843	7423
9878.397360	1.908896	7424
9879.387493	2.007314	7425
9880.418863	2.092362	7426
9881.416652	1.844613	7427
9882.444892	1.868437	7428
9883.444337	1.942053	7429
9884.474539	1.842370	7430
9885.468670	2.047830	7431
9886.503624	2.046084	7432
9887.492900	1.833629	7433
9888.521221	1.984875	7434
9889.521313	1.868856	7435
9890.551872	1.816824	7436
9891.545893	2.058510	7437
9892.580491	1.930895	7438
9893.570010	1.911212	7439
9894.603680	1.965043	7440
9895.598517	1.724108	7441
9896.626412	1.814357	7442
9897.623667	1.976393	7443
9898.659075	1.842372	7444
9899.644669	1.945223	7445
9900.682093	1.921244	7446
9901.677478	1.834940	7447
9902.705086	1.778292	7448
9903.707139	1.844729	7449
9904.731984	1.806678	7450
9905.723688	2.026998	7451
9906.761759	2.035493	7452
9907.750322	1.783723	7453
9908.782903	1.876424	7454
9909.780114	1.759932	7455
9910.810553	1.788698	7456
9911.808103	1.949561	7457
9912.839950	1.798948	7458
9913.827785	1.802200	7459
9914.859736	2.027958	7460
9915.857175	1.717123	7461
9916.888329	1.800724	7462
9917.885231	1.888040	7463
9918.914943	1.824647	7464
9919.907417	1.861793	7465
9920.940652	1.855085	7466
9921.933583	1.689209	7467
9922.963648	1.790142	7468
9923.962184	1.779927	7469
9924.993036	1.769258	7470
9925.984848	1.956057	7471
9927.018211	1.889356	7472
9928.010110	1.794919	7473
9929.042778	1.872835	7474
9930.041031	1.746588	7475
9931.066778	1.684335	7476
9932.065498	1.889744	7477
9933.097373	1.871466	7478
9934.087411	1.795558	7479
9935.121792	1.915690	7480
9936.117642	1.695288	7481
9937.143418	1.791875	7482
9938.144485	1.804981	7483
9939.173453	1.712387	7484
9940.165650	1.768434	7485
9941.199518	1.887555	7486
9942.193687	1.679438	7487
9943.222408	1.791135	7488
9944.222509	1.767021	7489
9945.250423	1.720222	7490
9946.243607	1.825790	7491
9947.278455	1.844857	7492
9948.272317	1.757752	7493
9949.301706	1.695191	7494
9950.298953	1.720505	7495
9951.329474	1.662456	7496
9952.326412	1.863494	7497
9953.356203	1.804797	7498
9954.347850	1.669025	7499
9955.381185	1.853004	7500
9956.373432	1.649805	7501
9957.404267	1.756661	7502
9958.402215	1.826581	7503
9959.434875	1.660762	7504
9960.425202	1.790346	7505
9961.457157	1.822404	7506
9962.450884	1.701566	7507
9963.482399	1.702935	7508
9964.479122	1.755939	7509
9965.511130	1.627811	7510
9966.503884	1.807272	7511
9967.538801	1.763731	7512
9968.530882	1.639011	7513
9969.560195	1.727032	7514
9970.558288	1.653234	7515
9971.589180	1.718324	7516
9972.583359	1.774207	7517
9973.615095	1.729848	7518
9974.608470	1.716707	7519
9975.640718	1.760303	7520
9976.635814	1.709416	7521
9977.667548	1.675431	7522
9978.661478	1.735475	7523
9979.695374	1.651604	7524
9980.684603	1.694135	7525
9981.718777	1.706822	7526
9982.710447	1.620083	7527
9983.744788	1.673407	7528
9984.739456	1.745323	7529
9985.772089	1.647941	7530
9986.761941	1.720505	7531
9987.795857	1.682095	7532
9988.788111	1.592331	7533
9989.821044	1.694058	7534
9990.815529	1.702800	7535
9991.848369	1.736584	7536
9992.840773	1.706184	7537
9993.876024	1.713170	7538
9994.868296	1.705378	7539
9995.899558	1.641453	7540
9996.892345	1.604675	7541
9997.924977	1.581519	7542
9998.920200	1.666041	7543
9999.952389	1.596035	7544
10000.944437	1.638088	7545
10001.979534	1.755439	7546
10002.972045	1.645751	7547
10004.005419	1.591809	7548
10004.995553	1.793926	7549
10006.034236	1.539363	7550
10007.022654	1.774088	7551
10008.054858	1.654675	7552
10009.049150	1.634848	7553
10010.084489	1.698473	7554
10011.075360	1.620517	7555
10012.103588	1.608664	7556
10013.099616	1.606100	7557
10014.131955	1.693052	7558
10015.129340	1.632989	7559
10016.154320	1.573961	7560
10017.156095	1.669626	7561
10018.182739	1.582048	7562
10019.179345	1.709776	7563
10020.208056	1.695023	7564
10021.202799	1.712255	7565
10022.235782	1.638877	7566
10023.232008	1.603946	7567
10024.264861	1.629006	7568
10025.257082	1.581398	7569
10026.286259	1.557182	7570
10027.283857	1.505915	7571
10028.315578	1.623081	7572
10029.308162	1.632595	7573
10030.341201	1.569920	7574
10031.334312	1.612486	7575
10032.368442	1.585667	7576
10033.360891	1.621069	7577
10034.392380	1.592905	7578
10035.384204	1.510662	7579
10036.416845	1.589730	7580
10037.412146	1.580514	7581
10038.444615	1.587353	7582
10039.436321	1.652776	7583
10040.466933	1.673882	7584
10041.462760	1.539448	7585
10042.495308	1.559475	7586
10043.489308	1.595776	7587
10044.520455	1.557251	7588
10045.513283	1.555227	7589
10046.546212	1.543696	7590
10047.541868	1.555645	7591
10048.573914	1.552440	7592
10049.566061	1.595105	7593
10050.598109	1.527077	7594
10051.593325	1.643949	7595
10052.626139	1.590870	7596
10053.616859	1.598716	7597
10054.649458	1.679520	7598
10055.644223	1.568668	7599
10056.676329	1.462327	7600
10057.671684	1.573908	7601
10058.706998	1.503908	7602
10059.692593	1.522540	7603
10060.729893	1.625791	7604
10061.721289	1.393137	7605
10062.752827	1.503769	7606
10063.749594	1.527059	7607
10064.781292	1.513698	7608
10065.768885	1.556285	7609
10066.806211	1.573101	7610
10067.796538	1.446631	7611
10068.833465	1.538236	7612
10069.824406	1.532988	7613
10070.856028	1.431886	7614
10071.848941	1.587984	7615
10072.887078	1.517541	7616
10073.869034	1.690844	7617
10074.914701	1.439407	7618
10075.899130	1.408980	7619
10076.933172	1.410390	7620
10077.934345	1.472828	7621
10078.950599	1.497180	7622
10079.952519	1.518376	7623
10080.985972	1.619322	7624
10081.981775	1.355357	7625
10083.011667	1.589211	7626
10084.009501	1.523743	7627
10085.031483	1.343686	7628
10086.033983	1.615409	7629
10087.066345	1.548603	7630
10088.056706	1.462610	7631
10089.084873	1.519124	7632
10090.084339	1.366490	7633
10091.116692	1.388581	7634
10092.114162	1.548471	7635
10093.146140	1.403975	7636
10094.138465	1.494446	7637
10095.167812	1.509194	7638
10096.162381	1.320317	7639
10097.191883	1.207775	7640
10098.194453	1.467333	7641
10099.221507	1.381221	7642
10100.211600	1.548805	7643
10101.246460	1.576035	7644
10102.241933	1.423293	7645
10103.267663	1.428163	7646
10104.269760	1.461466	7647
10105.297420	1.133911	7648
10106.295328	1.619227	7649
10107.325115	1.446905	7650
10108.314576	1.309765	7651
10109.346518	1.554144	7652
10110.346538	1.287096	7653
10111.373327	1.275470	7654
10112.374987	1.475208	7655
10113.405020	1.436146	7656
10114.393221	1.496179	7657
10115.429183	1.455836	7658
10116.423844	1.358037	7659
10117.450542	1.329826	7660
10118.451495	1.471218	7661
10119.481351	1.319426	7662
10120.474411	1.532698	7663
10121.505830	1.593976	7664
10122.498712	1.291683	7665
10123.528482	1.361060	7666
10124.530225	1.335573	7667
10125.557339	1.280430	7668
10126.552450	1.497321	7669
10127.584621	1.453876	7670
10128.576189	1.310440	7671
10129.605440	1.489697	7672
10130.605105	1.340156	7673
10131.635004	1.366820	7674
10132.632046	1.433339	7675
10133.663915	1.300289	7676
10134.654959	1.486716	7677
10135.684248	1.486255	7678
10136.683340	1.197251	7679
10137.710452	1.407478	7680
10138.711189	1.357270	7681
10139.739270	1.218225	7682
10140.731980	1.465127	7683
10141.766307	1.501405	7684
10142.755745	1.267010	7685
10143.786271	1.398239	7686
10144.787583	1.288692	7687
10145.815642	1.226859	7688
10146.811892	1.459483	7689
10147.841794	1.380776	7690
10148.834460	1.313187	7691
10149.866157	1.501774	7692
10150.862488	1.299012	7693
10151.892722	1.308979	7694
10152.891165	1.413375	7695
10153.922831	1.322983	7696
10154.912277	1.496793	7697
10155.948097	1.528530	7698
10156.938380	1.194389	7699
10157.967217	1.303112	7700
10158.968060	1.377241	7701
10159.997981	1.299880	7702
10160.992619	1.357504	7703
10162.023230	1.340262	7704
10163.014910	1.170998	7705
10164.047885	1.392292	7706
10165.043839	1.259598	7707
10166.072746	1.266231	7708
10167.070769	1.453366	7709
10168.100751	1.313624	7710
10169.092305	1.318356	7711
10170.124994	1.596091	7712
10171.121061	1.194675	7713
10172.150679	1.301111	7714
10173.148678	1.390193	7715
10174.180948	1.352009	7716
10175.173529	1.369120	7717
10176.206935	1.379295	7718
10177.196861	1.231387	7719
10178.229796	1.406758	7720
10179.227557	1.233846	7721
10180.255468	1.213400	7722
10181.248103	1.485823	7723
10182.280681	1.321517	7724
10183.275837	1.306160	7725
10184.307096	1.571878	7726
10185.301980	1.076078	7727
10186.329297	1.215009	7728
10187.331767	1.376686	7729
10188.358890	1.353970	7730
10189.351674	1.331633	7731
10190.383143	1.441641	7732
10191.379181	1.273389	7733
10192.407329	1.270038	7734
10193.408909	1.205552	7735
10194.435417	1.137905	7736
10195.431890	1.396923	7737
10196.464638	1.339536	7738
10197.460509	1.251872	7739
10198.488594	1.315172	7740
10199.487538	1.312357	7741
10200.517757	1.161985	7742
10201.511132	1.512043	7743
10202.541394	1.310022	7744
10203.534133	1.224810	7745
10204.565968	1.226960	7746
10205.562982	1.147873	7747
10206.592246	1.240961	7748
10207.593941	1.471284	7749
10208.621244	1.235618	7750
10209.648330	1.255297	7751
10210.617518	1.112224	7752
10211.671265	1.347211	7753
10212.643127	1.279848	7754
10213.695300	1.194704	7755
10214.671820	1.379678	7756
10215.727456	1.191469	7757
10216.697059	1.170775	7758
10217.755558	1.223582	7759
10218.725978	1.241202	7760
10219.779437	1.222902	7761
10220.753930	1.363035	7762
10221.808488	1.290018	7763
10222.779556	1.258735	7764
10223.840312	1.211642	7765
10224.808445	1.131156	7766
10225.865910	1.281702	7767
10226.836526	1.146000	7768
10227.889360	1.238583	7769
10228.864066	1.237957	7770
10229.919423	1.197540	7771
10230.889472	1.236590	7772
10231.949090	1.219112	7773
10232.918225	1.133129	7774
10233.974259	1.180435	7775
10234.946886	1.179626	7776
10236.003625	1.150315	7777
10236.970844	1.221141	7778
10238.031042	1.119344	7779
10238.998869	1.201204	7780
10240.056560	1.271975	7781
10241.028083	1.084262	7782
10242.085625	1.273316	7783
10243.055320	1.212020	7784
10244.113646	1.206711	7785
10245.083164	1.265755	7786
10246.140050	1.235155	7787
10247.110052	1.184520	7788
10248.170104	1.274946	7789
10249.137041	1.161776	7790
10250.197867	1.143311	7791
10251.166773	1.161782	7792
10252.225204	1.155507	7793
10253.194140	1.209718	7794
10254.252775	1.217547	7795
10255.219355	1.091824	7796
10256.280974	1.209130	7797
10257.250094	1.176753	7798
10258.306842	1.223319	7799
10259.277851	1.181373	7800
10260.336130	1.216753	7801
10261.299106	1.109838	7802
10262.364176	1.172635	7803
10263.330620	1.195289	7804
10264.391706	1.135908	7805
10265.356820	1.108087	7806
10266.419078	1.201943	7807
10267.384552	1.110587	7808
10268.447386	1.206568	7809
10269.413224	1.184706	7810
10270.471309	1.065167	7811
10271.438589	1.106487	7812
10272.499878	1.095880	7813
10273.465152	1.122530	7814
10274.528761	1.132494	7815
10275.495334	1.110824	7816
10276.554686	1.109112	7817
10277.521801	1.181781	7818
10278.584231	1.189999	7819
10279.549153	1.162762	7820
10280.611968	1.153882	7821
10281.577276	1.165090	7822
10282.640970	1.173715	7823
10283.604930	1.181682	7824
10284.668608	1.154116	7825
10285.633956	1.258526	7826
10286.695393	1.043727	7827
10287.660274	1.076150	7828
10288.722874	1.085799	7829
10289.687406	0.973581	7830
10290.748712	1.089335	7831
10291.714815	1.218256	7832
10292.777724	1.066222	7833
10293.740481	1.160615	7834
10294.806916	1.088529	7835
10295.770113	1.052274	7836
10296.835388	1.090738	7837
10297.797868	1.048932	7838
10298.861985	1.150478	7839
10299.826567	1.135618	7840
10300.889398	1.088124	7841
10301.853776	1.170005	7842
10302.916061	1.078646	7843
10303.879279	1.079827	7844
10304.943685	1.071596	7845
10305.906288	1.071008	7846
10306.971590	1.204527	7847
10307.935692	1.196780	7848
10308.998887	1.056094	7849
10309.962713	1.189401	7850
10311.028468	0.937960	7851
10311.987090	0.968082	7852
10313.055019	1.165548	7853
10314.017418	1.037241	7854
10315.082209	1.215307	7855
10316.046206	1.116208	7856
10317.111165	1.043135	7857
10318.071598	0.982208	7858
10319.139659	0.914710	7859
10320.100852	0.961292	7860
10321.168903	1.127505	7861
10322.125611	1.132047	7862
10323.196010	1.219832	7863
10324.157107	1.145124	7864
10325.225247	1.031511	7865
10326.183380	1.055115	7866
10327.250952	0.900254	7867
10328.211281	1.043298	7868
10329.277039	1.131917	7869
10330.235217	1.056826	7870
10331.306031	1.052114	7871
10332.266584	1.076635	7872
10333.339721	0.993475	7873
10334.292077	0.974159	7874
10335.360226	0.929581	7875
10336.319209	0.902424	7876
10337.390246	1.078909	7877
10338.351447	1.077251	7878
10339.420617	0.996234	7879
10340.378138	1.192793	7880
10341.448550	1.006139	7881
10342.400939	0.816462	7882
10343.472855	0.891925	7883
10344.431898	0.952125	7884
10345.501291	1.072570	7885
10346.458103	1.247518	7886
10347.532728	1.093304	7887
10348.487006	1.071370	7888
10349.555633	0.865739	7889
10350.515359	0.829258	7890
10351.584785	0.918262	7891
10352.541544	1.041868	7892
10353.615653	1.123687	7893
10354.571936	1.186224	7894
10355.641650	1.050554	7895
10356.598093	0.926842	7896
10357.668596	0.791211	7897
10358.626361	0.821005	7898
10359.695337	0.957867	7899
10360.648379	1.093049	7900
10361.726781	1.169796	7901
10362.680435	1.006005	7902
10363.752534	0.999662	7903
10364.711429	0.911574	7904
10365.780091	0.796638	7905
10366.734931	0.961324	7906
10367.807510	1.087177	7907
10368.763138	1.130350	7908
10369.839836	1.150799	7909
10370.794110	1.022272	7910
10371.867416	0.871534	7911
10372.817454	0.845821	7912
10373.890955	0.957337	7913
10374.847078	0.932550	7914
10375.917898	1.142274	7915
10376.877293	1.152640	7916
10377.950011	1.006922	7917
10378.906693	1.005169	7918
10379.977722	0.894087	7919
10380.930817	0.788896	7920
10382.003161	0.948300	7921
10382.954004	0.955048	7922
10384.032490	1.056142	7923
10384.982158	0.999577	7924
10386.061193	0.931283	7925
10387.012933	0.798629	7926
10388.090104	0.866446	7927
10389.038841	0.943744	7928
10390.114880	1.004489	7929
10391.070548	1.107818	7930
10392.144767	1.001251	7931
10393.098024	0.991966	7932
10394.170538	0.873705	7933
10395.123581	0.875379	7934
10396.196849	0.934211	7935
10397.151100	1.013308	7936
10398.227474	1.059390	7937
10399.181242	0.978759	7938
10400.256427	1.099570	7939
10401.209710	0.839326	7940
10402.284708	0.899172	7941
10403.232986	0.992147	7942
10404.312530	0.929079	7943
10405.262070	1.060395	7944
10406.340156	0.978874	7945
10407.293281	0.963907	7946
10408.372366	0.888111	7947
10409.319425	0.799095	7948
10410.397185	0.775845	7949
10411.344738	0.994859	7950
10412.423207	0.912217	7951
10413.375261	0.961310	7952
10414.459193	0.906435	7953
10415.402555	0.788723	7954
10416.481612	0.793492	7955
10417.428565	0.781971	7956
10418.505800	0.891532	7957
10419.457094	0.963154	7958
10420.535127	1.074126	7959
10421.484053	0.896795	7960
10422.564084	0.912819	7961
10423.511092	0.842373	7962
10424.590814	0.815673	7963
10425.537763	1.009795	7964
10426.616605	0.940045	7965
10427.567228	0.969172	7966
10428.648559	0.999005	7967
10429.591852	0.809091	7968
10430.678865	0.978376	7969
10431.624792	0.855314	7970
10432.704142	0.730805	7971
10433.649419	0.926074	7972
10434.728519	0.938543	7973
10435.677587	0.970640	7974
10436.760140	0.855063	7975
10437.706278	0.801009	7976
10438.790382	0.758953	7977
10439.734739	0.795629	7978
10440.811510	0.932350	7979
10441.758646	0.905314	7980
10442.843090	1.036134	7981
10443.790550	0.988712	7982
10444.872479	0.915210	7983
10445.818789	0.827011	7984
10446.895222	0.785719	7985
10447.841243	0.841526	7986
10448.923420	0.891459	7987
10449.870720	0.986284	7988
10450.951730	0.869522	7989
10451.902625	0.925064	7990
10452.981360	0.828631	7991
10453.924011	0.800068	7992
10455.007352	0.718978	7993
10455.951980	0.878348	7994
10457.035880	0.988131	7995
10457.983613	0.944442	7996
10459.066242	0.931330	7997
10460.010922	0.762770	7998
10461.092471	0.832935	7999
10462.034659	0.714354	8000
10463.116218	0.866813	8001
10464.070403	1.112623	8002
10465.144754	0.920023	8003
10466.093080	0.881149	8004
10467.168811	0.904997	8005
10468.121061	0.789239	8006
10469.205159	0.806107	8007
10470.148353	0.981812	8008
10471.235139	0.657797	8009
10472.174119	0.963993	8010
10473.252615	0.761310	8011
10474.201111	0.847060	8012
10475.286740	0.800924	8013
10476.224886	0.756472	8014
10477.312548	0.789898	8015
10478.258474	0.841581	8016
10479.336223	0.870724	8017
10480.285645	0.904143	8018
10481.368904	0.917459	8019
10482.312772	0.810273	8020
10483.396761	0.801060	8021
10484.340931	0.706528	8022
10485.422460	0.803239	8023
10486.364688	0.716022	8024
10487.449746	0.742148	8025
10488.395345	0.871764	8026
10489.480498	0.863238	8027
10490.422044	0.858640	8028
10491.509594	0.842047	8029
10492.449217	0.699376	8030
10493.535402	0.728879	8031
10494.476708	0.843399	8032
10495.561178	0.870984	8033
10496.508500	0.918666	8034
10497.589804	0.940600	8035
10498.534035	0.789153	8036
10499.618897	0.758429	8037
10500.560142	0.790108	8038
10501.647789	0.793839	8039
10502.585837	0.810841	8040
10503.673156	0.824089	8041
10504.613272	0.794868	8042
10505.702653	0.833234	8043
10506.644038	0.736183	8044
10507.732446	0.781839	8045
10508.670897	0.835354	8046
10509.755851	0.816061	8047
10510.695853	0.827978	8048
10511.784293	0.762506	8049
10512.727619	0.809805	8050
10513.812097	0.863246	8051
10514.752919	0.731374	8052
10515.841543	0.738430	8053
10516.781218	0.708829	8054
10517.867515	0.709402	8055
10518.809613	0.825188	8056
10519.897691	0.850842	8057
10520.838713	0.865966	8058
10521.921907	0.895082	8059
10522.865780	0.797312	8060
10523.947148	0.788646	8061
10524.891425	0.835627	8062
10525.978430	0.830647	8063
10526.919587	0.860161	8064
10528.005100	0.689278	8065
10528.943757	0.755919	8066
10530.032609	0.782364	8067
10530.973717	0.883436	8068
10532.061839	0.812234	8069
10533.004723	0.797499	8070
10534.092309	0.867333	8071
10535.030047	0.704779	8072
10536.118149	0.837441	8073
10537.055215	0.597674	8074
10538.141183	0.777635	8075
10539.085642	0.720206	8076
10540.169105	0.857381	8077
10541.114215	0.748440	8078
10542.199219	0.866513	8079
10543.135646	0.752982	8080
10544.223862	0.693367	8081
10545.167804	0.807316	8082
10546.267376	0.234270	8083
10547.209563	0.673352	8084
10548.277243	1.002793	8085
10549.254243	0.404248	8086
10550.299301	1.685141	8087
10551.267571	0.263641	8088
10552.331871	1.342051	8089
10553.307319	0.408317	8090
10554.368631	0.748368	8091
10555.324012	1.295273	8092
10556.385258	0.621318	8093
10557.358508	0.614867	8094
10558.435395	0.726557	8095
10559.350297	0.812060	8096
10560.453784	0.486632	8097
10561.352094	1.212165	8098
10562.495515	0.956778	8099
10563.406578	1.017346	8100
10564.531482	1.014750	8101
10565.415823	0.689678	8102
10566.547287	1.037786	8103
10567.452902	0.982242	8104
10568.571283	1.023131	8105
10569.490902	0.390821	8106
10570.602965	0.811496	8107
10571.499042	0.448245	8108
10572.628609	1.090098	8109
10573.537828	0.525415	8110
10574.649710	0.837384	8111
10575.554850	0.643669	8112
10576.658938	0.667922	8113
10577.591779	0.953901	8114
10578.683208	0.836087	8115
10579.646895	0.949318	8116
10580.704789	0.726131	8117
10581.674921	0.730385	8118
10582.736165	0.770443	8119
10583.684749	0.787655	8120
10584.635111	-0.430227	8121
10585.192885	-2.234991	8122
10586.363664	-1.872725	8123
10588.116469	5.598138	8124
10589.088618	2.703795	8125
10589.650239	6.679161	8126
