crossing time (s)	slope (V/s)	crossing number
3552.926870	3.497535	2416
3553.932533	3.395727	2417
3554.936773	3.252673	2418
3555.969713	3.245034	2419
3556.969565	3.062947	2420
3558.011434	2.841894	2421
3559.004987	2.421758	2422
3560.050945	3.332877	2423
3561.029815	2.588575	2424
3562.075556	3.360579	2425
3563.064470	2.750287	2426
3564.111549	3.735041	2427
3565.099063	3.101860	2428
3566.147005	3.869205	2429
3567.136595	3.384945	2430
3568.179957	3.563124	2431
3569.163397	3.144173	2432
3570.212332	3.735355	2433
3571.195203	3.209401	2434
3572.240582	4.035712	2435
3573.230596	3.125244	2436
3574.258359	5.020955	2437
3575.269166	3.896688	2438
3576.281255	5.373532	2439
3577.319498	5.971842	2440
3578.304492	5.578711	2441
3579.357281	6.735649	2442
3580.328156	5.662379	2443
3581.385151	6.541632	2444
3582.366529	7.041744	2445
3583.406582	6.010268	2446
3584.409214	5.510666	2447
3585.420332	5.390585	2448
3586.448675	5.046949	2449
3587.444122	4.918660	2450
3588.482196	5.514940	2451
3589.479575	5.156988	2452
3590.500172	6.024569	2453
3591.517667	6.208078	2454
3592.517022	6.099566	2455
3593.556467	6.381398	2456
3594.537178	6.498795	2457
3595.590582	6.092214	2458
3596.566704	7.129332	2459
3597.620099	5.695604	2460
3598.593828	6.514975	2461
3599.644865	5.622180	2462
3600.628262	6.127431	2463
3601.671277	5.837406	2464
3602.659342	6.148734	2465
3603.695452	5.922375	2466
3604.691328	6.258779	2467
3605.727060	5.984614	2468
3606.717403	5.912939	2469
3607.756049	6.054784	2470
3608.745313	6.676110	2471
3609.786238	5.827190	2472
3610.768253	6.545256	2473
3611.818231	6.545228	2474
3612.797309	6.711449	2475
3613.849387	6.963705	2476
3614.825894	7.030891	2477
3615.874000	7.006814	2478
3616.858139	7.976086	2479
3617.896280	6.885989	2480
3618.891956	7.438877	2481
3619.914059	6.971581	2482
3620.929728	7.205704	2483
3621.932773	6.695069	2484
3622.965096	6.729280	2485
3623.956518	6.540213	2486
3624.991042	6.972870	2487
3625.990564	6.761917	2488
3627.011037	7.456994	2489
3628.030680	8.131188	2490
3629.028622	7.857372	2491
3630.064692	8.202942	2492
3631.047232	8.602098	2493
3632.096609	7.078890	2494
3633.073212	8.405451	2495
3634.122304	6.994958	2496
3635.105553	7.448975	2497
3636.146751	7.394942	2498
3637.140685	7.219227	2499
3638.171056	7.893665	2500
3639.173699	7.909972	2501
3640.194047	7.970667	2502
3641.200995	8.315352	2503
3642.222055	7.665813	2504
3643.227819	8.402972	2505
3644.250201	7.376576	2506
3645.255986	8.186040	2507
3646.279690	7.674297	2508
3647.278100	8.383582	2509
3648.311682	8.163041	2510
3649.301866	8.613692	2511
3650.344167	8.376491	2512
3651.326668	8.783055	2513
3652.373310	8.053779	2514
3653.349749	8.879559	2515
3654.398934	7.753778	2516
3655.380534	8.721046	2517
3656.422072	7.808892	2518
3657.413731	7.771834	2519
3658.443242	8.409745	2520
3659.453194	7.875151	2521
3660.463135	8.414250	2522
3661.487986	8.847888	2523
3662.484162	8.819027	2524
3663.517029	8.717290	2525
3664.509110	8.756613	2526
3665.541397	8.384288	2527
3666.540321	7.857378	2528
3667.564556	8.550114	2529
3668.577479	7.475107	2530
3669.584944	8.849033	2531
3670.609627	8.628319	2532
3671.604370	9.140934	2533
3672.638314	8.589208	2534
3673.629643	8.832068	2535
3674.668977	8.735106	2536
3675.653427	9.002610	2537
3676.696406	8.357495	2538
3677.676438	8.787252	2539
3678.721699	8.040857	2540
3679.702597	8.425381	2541
3680.751142	8.003388	2542
3681.730401	7.994097	2543
3682.775882	7.875378	2544
3683.756917	7.836393	2545
3684.803836	7.946971	2546
3685.785918	7.980616	2547
3686.826617	7.994853	2548
3687.814888	8.359486	2549
3688.852985	7.961227	2550
3689.842498	8.396759	2551
3690.875502	8.054607	2552
3691.874131	8.743952	2553
3692.895220	8.123859	2554
3693.905299	8.300256	2555
3694.915578	7.765472	2556
3695.938714	7.825156	2557
3696.938243	7.770062	2558
3697.968373	7.706364	2559
3698.961453	7.800939	2560
3699.996480	8.004203	2561
3700.990245	7.791928	2562
3702.019416	7.892864	2563
3703.020271	8.089844	2564
3704.037729	8.097332	2565
3705.054227	8.230702	2566
3706.056391	7.906332	2567
3707.089427	7.756558	2568
3708.076569	7.949618	2569
3709.119540	7.602924	2570
3710.098993	7.778828	2571
3711.149230	7.833587	2572
3712.126174	7.661068	2573
3713.174819	7.773425	2574
3714.153457	7.809771	2575
3715.196930	7.803381	2576
3716.183031	7.965814	2577
3717.225653	7.880929	2578
3718.207659	8.181669	2579
3719.251885	7.913664	2580
3720.234124	8.169463	2581
3721.277285	7.938197	2582
3722.259518	7.900999	2583
3723.304858	8.051951	2584
3724.285229	8.143822	2585
3725.333948	7.599392	2586
3726.308766	8.025304	2587
3727.356173	7.787993	2588
3728.337660	7.798023	2589
3729.381039	7.705079	2590
3730.372350	7.533235	2591
3731.401882	7.804203	2592
3732.406177	7.618865	2593
3733.421058	7.843527	2594
3734.439642	7.729019	2595
3735.439488	7.883193	2596
3736.470822	7.617734	2597
3737.460708	7.831186	2598
3738.496289	7.755652	2599
3739.490030	7.533641	2600
3740.523523	7.681905	2601
3741.517336	7.563754	2602
3742.544049	7.844123	2603
3743.547320	7.528790	2604
3744.567225	7.647310	2605
3745.577738	7.384970	2606
3746.591974	7.574698	2607
3747.607876	7.453836	2608
3748.614637	7.768124	2609
3749.635232	7.660489	2610
3750.640116	7.488381	2611
3751.664069	7.560086	2612
3752.666348	7.544333	2613
3753.689714	7.413099	2614
3754.693898	7.607245	2615
3755.716628	7.595785	2616
3756.719548	7.493088	2617
3757.739719	7.346715	2618
3758.750424	7.746294	2619
3759.765683	7.497438	2620
3760.779361	7.607236	2621
3761.786529	7.363297	2622
3762.806065	7.351739	2623
3763.810216	7.322432	2624
3764.837143	7.455439	2625
3765.835399	7.324244	2626
3766.869263	7.424572	2627
3767.856325	7.280418	2628
3768.892732	7.167697	2629
3769.885807	7.344314	2630
3770.919813	7.335991	2631
3771.917729	7.201200	2632
