time (s)	theta (A)	maj axis/z0	min axis/z0	crossing#mod 255
8854.058675	88.386482	0.909399	0.100000	13
8856.086151	88.305901	0.908888	0.100000	15
8858.112662	88.318329	0.908219	0.100000	17
8860.139277	88.306984	0.907455	0.100000	19
8862.166624	88.349869	0.905687	0.100000	21
8864.192942	88.415009	0.908197	0.100000	23
8866.220096	88.345703	0.910379	0.100000	25
8868.247805	88.415703	0.911375	0.100000	27
8870.274985	88.530807	0.913881	0.100000	29
8872.301806	88.618378	0.914966	0.100000	31
8874.328753	88.803741	0.915393	0.100000	33
8876.355905	88.960114	0.917027	0.099615	35
8878.382794	89.149010	0.917203	0.099053	37
8880.408947	89.321297	0.918154	0.098631	39
8882.435435	89.467392	0.918712	0.098409	41
8884.462069	89.586052	0.920402	0.098662	43
8886.487471	89.681717	0.921874	0.098541	45
8888.513655	89.758842	0.922948	0.098250	47
8890.539671	89.759445	0.923326	0.097991	49
8892.566507	89.848541	0.924223	0.097468	51
8894.593390	89.883766	0.925796	0.097148	53
8896.620540	89.940887	0.925900	0.096952	55
8898.648580	90.045204	0.926973	0.096584	57
8900.675969	90.111221	0.928115	0.095976	59
8902.703536	90.153748	0.929533	0.095802	61
8904.731657	90.231499	0.930876	0.095425	63
8906.759031	90.278679	0.931577	0.094876	65
8908.786429	90.353325	0.932875	0.094518	67
8910.813109	90.437698	0.933147	0.094236	69
8912.840262	90.503441	0.935203	0.094123	71
8914.867033	90.579498	0.936685	0.093890	73
8916.893747	90.617966	0.937560	0.093674	75
8918.920829	90.718872	0.938919	0.093477	77
8920.948164	90.754990	0.940365	0.093309	79
8922.974821	90.746094	0.940483	0.093024	81
8925.002494	90.708992	0.941845	0.092959	83
8927.030570	90.653679	0.943635	0.093014	85
8929.058303	90.608841	0.944840	0.092672	87
8931.086632	90.534660	0.946233	0.092453	89
8933.114870	90.401222	0.948059	0.092406	91
8935.142709	90.380844	0.949601	0.092254	93
8937.170547	90.279556	0.951665	0.092321	95
8939.198380	90.271545	0.954200	0.092280	97
8941.226137	90.261902	0.955713	0.092096	99
8943.254044	90.267357	0.958221	0.091855	101
8945.281234	90.274956	0.959040	0.091468	103
8947.308648	90.359047	0.960272	0.091159	105
8949.336084	90.436279	0.961677	0.090894	107
8951.363008	90.516380	0.962282	0.090509	109
8953.390254	90.606491	0.962403	0.090159	111
8955.417097	90.704185	0.962636	0.089890	113
8957.443965	90.815704	0.964054	0.089760	115
8959.470214	90.903824	0.964803	0.089650	117
8961.496653	90.999985	0.965095	0.089477	119
8963.523074	91.110580	0.965088	0.089126	121
8965.549024	91.191704	0.964664	0.088902	123
8967.575390	91.276558	0.965794	0.088694	125
8969.601460	91.364799	0.966422	0.088600	127
8971.628114	91.459602	0.966053	0.088361	129
8973.654562	91.576149	0.966087	0.088086	131
8975.681486	91.609940	0.966055	0.087865	133
8977.708013	91.715157	0.966280	0.087611	135
8979.735294	91.748558	0.967376	0.087423	137
8981.762602	91.813805	0.967104	0.087106	139
8983.789843	91.852600	0.967698	0.086766	141
8985.817225	91.890862	0.968076	0.086715	143
8987.844587	91.944382	0.969870	0.086725	145
8989.871851	91.980797	0.971146	0.086653	147
8991.898935	92.043533	0.972613	0.086440	149
8993.925651	92.085541	0.974188	0.086340	151
8995.952499	92.161201	0.974039	0.085935	153
8997.979411	92.234802	0.974641	0.085947	155
9000.006516	92.282265	0.976303	0.085796	157
9002.033258	92.289627	0.976872	0.085681	159
9004.060257	92.355820	0.977892	0.085483	161
9006.087741	92.340073	0.978627	0.085419	163
9008.114779	92.356033	0.979699	0.085301	165
9010.142337	92.315758	0.981175	0.085114	167
9012.170088	92.280136	0.982846	0.085026	169
9014.197577	92.203506	0.984013	0.084700	171
9016.225527	92.142403	0.985218	0.084413	173
9018.253583	92.080406	0.986614	0.084001	175
9020.281249	92.046356	0.987918	0.083983	177
9022.308661	92.026138	0.989933	0.083577	179
9024.336383	92.039330	0.991053	0.083460	181
9026.363516	92.051575	0.991422	0.082997	183
9028.391064	92.092651	0.992155	0.082657	185
9030.418308	92.126274	0.992049	0.082292	187
9032.445066	92.192413	0.991961	0.081832	189
9034.472504	92.262054	0.992590	0.081700	191
9036.498987	92.332321	0.992798	0.081563	193
9038.525526	92.394478	0.992738	0.081187	195
9040.552362	92.476280	0.993689	0.081203	197
9042.578643	92.553070	0.993726	0.080916	199
9044.604969	92.600166	0.994327	0.080559	201
9046.631317	92.672012	0.994707	0.080352	203
9048.658047	92.755646	0.994728	0.079985	205
9050.683711	92.860329	0.994451	0.079799	207
9052.710161	92.920227	0.994115	0.079336	209
9054.736766	92.998009	0.993215	0.078850	211
9056.763489	93.076614	0.992554	0.078637	213
9058.789746	93.172874	0.992546	0.078448	215
9060.816765	93.193481	0.993223	0.078321	217
9062.843648	93.281647	0.993636	0.078279	219
9064.870841	93.325562	0.994822	0.078040	221
9066.897774	93.349709	0.995830	0.077995	223
9068.925086	93.372192	0.996118	0.077489	225
9070.952221	93.434082	0.997365	0.077381	227
9072.978912	93.472443	0.999055	0.077480	229
9075.006002	93.497742	0.999703	0.077487	231
9077.033022	93.558273	1.000759	0.077376	233
9079.059815	93.619987	1.001482	0.077058	235
9081.086794	93.676529	1.000682	0.076932	237
9083.113389	93.712425	1.000043	0.076737	239
9085.140709	93.737244	0.999678	0.076757	241
9087.167048	93.785103	0.998591	0.076918	243
9089.193648	93.769669	0.997592	0.076994	245
9091.220348	93.789474	0.996979	0.076974	247
9093.247002	93.787659	0.996419	0.076928	249
9095.274144	93.803741	0.995353	0.076994	251
9097.300913	93.767365	0.994964	0.077007	253
9099.328016	93.777779	0.993563	0.076825	255
9101.354645	93.723900	0.992449	0.076941	1
9103.381277	93.716949	0.990198	0.076603	3
9105.408318	93.746063	0.989173	0.076896	5
9107.434823	93.728836	0.987035	0.076895	7
9109.461618	93.723541	0.985877	0.076884	9
9111.488012	93.732071	0.984476	0.076912	11
9113.514767	93.729866	0.983677	0.076908	13
9115.541008	93.772812	0.982482	0.076678	15
9117.567435	93.810715	0.981792	0.076787	17
9119.593810	93.815804	0.980899	0.076719	19
9121.619705	93.905022	0.978394	0.076416	21
9123.645817	93.951706	0.976228	0.076436	23
9125.671620	94.024307	0.974221	0.076159	25
9127.698192	94.152885	0.973181	0.076252	27
9129.723506	94.221581	0.971692	0.076311	29
9131.749255	94.287453	0.970002	0.076228	31
9133.775235	94.389275	0.967442	0.076003	33
9135.801322	94.450195	0.965452	0.075937	35
9137.826598	94.524864	0.963592	0.075776	37
9139.852705	94.590492	0.962493	0.075866	39
9141.878988	94.632301	0.961021	0.075787	41
9143.905107	94.708405	0.960108	0.075908	43
9145.931477	94.751801	0.958733	0.075989	45
9147.957596	94.811272	0.958004	0.075889	47
9149.983717	94.851868	0.957208	0.075891	49
9152.010170	94.878624	0.955121	0.075860	51
9154.036771	94.921944	0.953943	0.075631	53
9156.062797	94.976501	0.952212	0.075577	55
9158.089263	95.014366	0.951494	0.075849	57
9160.115683	95.039780	0.950238	0.075661	59
9162.141997	95.114403	0.948901	0.075478	61
9164.168622	95.197571	0.947600	0.075476	63
9166.194539	95.220726	0.946821	0.075771	65
9168.221172	95.221504	0.944855	0.075781	67
9170.247498	95.291916	0.944439	0.075697	69
9172.273816	95.302292	0.943864	0.075643	71
9174.300334	95.339661	0.944480	0.075888	73
9176.327407	95.322853	0.943699	0.076093	75
9178.352975	95.324585	0.941913	0.075821	77
9180.379788	95.327377	0.940360	0.075712	79
9182.407037	95.317238	0.940078	0.075864	81
9184.433663	95.297615	0.939767	0.075858	83
9186.459874	95.267906	0.939048	0.075786	85
9188.486761	95.292137	0.938369	0.075848	87
9190.513809	95.308052	0.937107	0.075759	89
9192.540316	95.345337	0.935412	0.075650	91
9194.566526	95.364616	0.934287	0.075713	93
9196.593147	95.370224	0.932747	0.075559	95
9198.619228	95.434883	0.931317	0.075486	97
9200.645615	95.491814	0.929836	0.075378	99
9202.671656	95.518417	0.928369	0.075285	101
9204.697898	95.572746	0.927117	0.075088	103
9206.724050	95.642097	0.925580	0.074827	105
9208.749779	95.690529	0.923102	0.074683	107
9210.775707	95.771095	0.922511	0.074743	109
9212.801495	95.847961	0.921326	0.074736	111
9214.827233	95.900215	0.920501	0.074707	113
9216.853506	95.974182	0.918796	0.074466	115
9218.879251	96.020538	0.916717	0.074610	117
9220.905233	96.094353	0.915440	0.074196	119
9222.930988	96.145828	0.913950	0.074224	121
9224.957037	96.193657	0.913026	0.074151	123
9226.983443	96.242859	0.912294	0.074315	125
9229.009737	96.309441	0.910546	0.074162	127
9231.035946	96.335915	0.908634	0.074195	129
9233.061813	96.389496	0.906416	0.074071	131
9235.088459	96.412300	0.906126	0.074032	133
9237.114411	96.433693	0.905442	0.074055	135
9239.141130	96.531982	0.904866	0.074319	137
9241.167245	96.589325	0.903365	0.073899	139
9243.193019	96.613159	0.903350	0.073909	141
9245.219584	96.680756	0.902830	0.073919	143
9247.246026	96.695564	0.902215	0.074017	145
9249.272303	96.769066	0.901104	0.074030	147
9251.298058	96.813301	0.901175	0.074533	149
9253.324303	96.840515	0.900022	0.074057	151
9255.351122	96.837204	0.897869	0.073969	153
9257.377840	96.830437	0.896118	0.073438	155
9259.404220	96.859978	0.895051	0.073487	157
9261.430740	96.884132	0.894164	0.073220	159
9263.457384	96.849991	0.892465	0.073156	161
9265.484093	96.840599	0.891442	0.073125	163
9267.510538	96.838554	0.890556	0.073060	165
9269.537133	96.848549	0.890628	0.073130	167
9271.563974	96.849022	0.889446	0.072864	169
9273.590346	96.836380	0.887658	0.072840	171
9275.616216	96.867561	0.886511	0.072618	173
9277.642961	96.871384	0.885316	0.072570	175
9279.669280	96.886513	0.884072	0.072379	177
9281.695509	96.968422	0.882990	0.072529	179
9283.721792	96.990379	0.882166	0.072381	181
9285.747773	97.011536	0.882325	0.072455	183
9287.773971	97.090485	0.881397	0.072442	185
9289.799053	97.127846	0.879577	0.072203	187
9291.825870	97.197662	0.877321	0.071704	189
9293.852113	97.223534	0.875987	0.071624	191
9295.878147	97.286232	0.873893	0.071360	193
9297.904335	97.340500	0.872327	0.071049	195
9299.929998	97.412491	0.871146	0.070932	197
9301.956159	97.467598	0.869712	0.070964	199
9303.981923	97.483566	0.868356	0.070955	201
9306.008277	97.550163	0.866782	0.070847	203
9308.034359	97.644661	0.865004	0.070745	205
9310.060117	97.655922	0.864070	0.070727	207
9312.086229	97.700317	0.862661	0.070433	209
9314.112474	97.777390	0.860606	0.069966	211
9316.138848	97.763390	0.859873	0.069913	213
9318.165161	97.789642	0.858985	0.069526	215
9320.191200	97.862045	0.858353	0.069473	217
9322.217440	97.869583	0.858011	0.069194	219
9324.243880	97.910263	0.856828	0.068957	221
9326.270333	97.976707	0.855393	0.068749	223
9328.296337	98.036476	0.854241	0.068623	225
9330.322313	98.057541	0.853140	0.068674	227
9332.348862	98.099281	0.852140	0.068465	229
9334.375174	98.157112	0.850427	0.068484	231
9336.401357	98.146942	0.849639	0.068487	233
9338.427597	98.195183	0.848656	0.068568	235
9340.453839	98.216385	0.847634	0.068467	237
9342.480415	98.215363	0.847539	0.068213	239
9344.506977	98.224724	0.846483	0.068191	241
9346.533509	98.225624	0.845159	0.068245	243
9348.559663	98.194443	0.844243	0.067950	245
9350.586397	98.194061	0.842499	0.067415	247
9352.612915	98.161644	0.840475	0.067057	249
9354.639451	98.209023	0.839632	0.066766	251
9356.665991	98.227272	0.839077	0.066857	253
9358.692230	98.206932	0.838746	0.066573	255
9360.718276	98.214531	0.838322	0.066553	1
9362.744821	98.240204	0.837104	0.066677	3
9364.770598	98.308357	0.835643	0.066565	5
9366.796986	98.321602	0.834611	0.066483	7
9368.823201	98.343575	0.832701	0.066238	9
9370.848895	98.371834	0.831432	0.066127	11
9372.875059	98.368507	0.829648	0.065752	13
9374.901171	98.438652	0.828050	0.065309	15
9376.927126	98.488129	0.826833	0.065469	17
9378.953196	98.505371	0.825987	0.065037	19
9380.978569	98.554947	0.824737	0.064797	21
9383.004990	98.591026	0.824152	0.064661	23
9385.031062	98.675613	0.823003	0.064576	25
9387.056941	98.691017	0.821805	0.064240	27
9389.082534	98.808167	0.821667	0.064382	29
9391.108380	98.819511	0.820933	0.064223	31
9393.134903	98.835800	0.820000	0.064354	33
9395.160974	98.862221	0.818063	0.064286	35
9397.186983	98.927307	0.816747	0.064468	37
9399.212901	98.965118	0.815457	0.064271	39
9401.239142	98.981316	0.814261	0.064171	41
9403.265729	99.053299	0.812539	0.064148	43
9405.291920	99.070984	0.811132	0.063982	45
9407.317956	99.070923	0.810126	0.063911	47
9409.343999	99.109024	0.809071	0.063764	49
9411.369898	99.141106	0.808410	0.063496	51
9413.396930	99.153999	0.807207	0.063276	53
9415.422754	99.180435	0.804696	0.062942	55
9417.449209	99.222404	0.804644	0.062893	57
9419.474704	99.242386	0.802442	0.062686	59
9421.501201	99.306923	0.801994	0.062561	61
9423.527901	99.307114	0.802109	0.062345	63
9425.554316	99.340714	0.801958	0.062282	65
9427.580975	99.348808	0.800941	0.062119	67
9429.606775	99.365990	0.799238	0.061803	69
9431.633319	99.347557	0.798774	0.061485	71
9433.659346	99.355400	0.797133	0.061133	73
9435.685586	99.334831	0.796427	0.061261	75
9437.712182	99.384026	0.794431	0.060972	77
9439.738703	99.399818	0.794282	0.060924	79
9441.765251	99.394928	0.792739	0.060762	81
9443.790736	99.412971	0.792311	0.060837	83
9445.816939	99.407829	0.791315	0.060457	85
9447.844254	99.431618	0.790116	0.060239	87
9449.869517	99.454567	0.789585	0.060343	89
9451.896113	99.432098	0.788856	0.060471	91
9453.921216	99.485916	0.787192	0.060005	93
9455.948200	99.530365	0.785783	0.060004	95
9457.974271	99.560310	0.784836	0.060021	97
9459.999598	99.631096	0.784159	0.059835	99
9462.025523	99.633415	0.783197	0.059832	101
9464.051392	99.667648	0.781257	0.059712	103
9466.077799	99.705322	0.779416	0.059520	105
9468.103393	99.778183	0.778072	0.059234	107
9470.129264	99.805763	0.776880	0.059157	109
9472.155145	99.839645	0.775555	0.058986	111
9474.181086	99.840233	0.774223	0.058415	113
9476.207819	99.885796	0.773872	0.058329	115
9478.233781	99.907036	0.773074	0.058379	117
9480.259776	99.990509	0.772199	0.058687	119
9482.285457	100.025269	0.771375	0.058596	121
9484.311898	100.079369	0.769907	0.058411	123
9486.338237	100.070862	0.769642	0.058314	125
9488.363819	100.147430	0.768906	0.058193	127
9490.390280	100.162788	0.768757	0.058192	129
9492.416466	100.206367	0.767793	0.058165	131
9494.442420	100.234444	0.765901	0.057855	133
9496.469029	100.248245	0.765277	0.057430	135
9498.494634	100.294525	0.764224	0.057336	137
9500.521028	100.324440	0.763942	0.056950	139
9502.546827	100.343872	0.763285	0.056963	141
9504.573524	100.366188	0.762627	0.057003	143
9506.599743	100.362343	0.761388	0.056625	145
9508.625683	100.381836	0.759760	0.056345	147
9510.652153	100.409706	0.758248	0.056042	149
9512.678662	100.395866	0.756967	0.056001	151
9514.705152	100.434387	0.756532	0.055697	153
9516.730986	100.488220	0.755328	0.055473	155
9518.757570	100.509293	0.755431	0.055420	157
9520.785192	100.511971	0.753784	0.055117	159
9522.810452	100.498955	0.752603	0.054603	161
9524.837000	100.489136	0.751506	0.054313	163
9526.862699	100.498817	0.750739	0.054094	165
9528.889516	100.484261	0.749992	0.054162	167
9530.915418	100.525452	0.748841	0.053784	169
9532.941176	100.521988	0.747966	0.053584	171
9534.967641	100.524193	0.745841	0.053233	173
9536.994062	100.594055	0.745204	0.053244	175
9539.019641	100.589920	0.744748	0.053019	177
9541.044771	100.635818	0.743807	0.052881	179
9543.071832	100.648911	0.742742	0.052838	181
9545.097723	100.713455	0.741803	0.052937	183
9547.122838	100.784012	0.740361	0.052967	185
9549.149539	100.786713	0.739577	0.052782	187
9551.175074	100.812576	0.737503	0.052336	189
9553.201769	100.814026	0.737364	0.052223	191
9555.227224	100.845474	0.734981	0.051986	193
9557.253451	100.916145	0.733678	0.051657	195
9559.279113	100.948120	0.732600	0.051423	197
9561.305198	100.950218	0.731121	0.051060	199
9563.331404	101.026375	0.730750	0.051053	201
9565.356651	101.093979	0.729740	0.050993	203
9567.383526	101.088181	0.730232	0.050858	205
9569.409329	101.083389	0.728473	0.050663	207
9571.436118	101.142113	0.728827	0.050524	209
9573.461408	101.164673	0.727848	0.050237	211
9575.487713	101.184845	0.726981	0.050141	213
9577.514169	101.252007	0.726068	0.049924	215
9579.539860	101.239639	0.723903	0.049849	217
9581.566369	101.289047	0.723623	0.049683	219
9583.592470	101.255547	0.722504	0.049725	221
9585.618756	101.296562	0.722307	0.049214	223
9587.644040	101.288170	0.720737	0.048969	225
9589.671273	101.303963	0.719495	0.048514	227
9591.697324	101.311447	0.718448	0.048428	229
9593.723015	101.340164	0.717261	0.048106	231
9595.749942	101.353561	0.716224	0.047809	233
9597.776219	101.375374	0.715775	0.047770	235
9599.802628	101.370911	0.715313	0.047585	237
9601.828315	101.405373	0.714531	0.047547	239
9603.855287	101.381165	0.714009	0.047504	241
9605.880616	101.390259	0.711878	0.047341	243
9607.906937	101.371986	0.711314	0.047470	245
9609.933314	101.420273	0.710262	0.047137	247
9611.960241	101.417526	0.708997	0.046745	249
9613.985736	101.480377	0.708501	0.046522	251
9616.011839	101.508690	0.708575	0.046403	253
9618.038280	101.496819	0.707414	0.046186	255
9620.064068	101.522293	0.706713	0.045617	1
9622.089161	101.538177	0.704951	0.045369	3
9624.115928	101.551575	0.703432	0.045395	5
9626.141636	101.586571	0.702638	0.045082	7
9628.167127	101.596924	0.701419	0.044790	9
9630.192835	101.632729	0.699880	0.044288	11
9632.218708	101.659492	0.699122	0.044122	13
9634.244163	101.663391	0.697847	0.043719	15
9636.270678	101.671196	0.696713	0.043354	17
9638.296689	101.726059	0.696825	0.043232	19
9640.322202	101.711609	0.695613	0.043327	21
9642.348556	101.784195	0.693818	0.042987	23
9644.374217	101.788490	0.692066	0.042591	25
9646.400750	101.808899	0.690856	0.042542	27
9648.425552	101.842636	0.689685	0.042410	29
9650.452426	101.868935	0.688660	0.042408	31
9652.478775	101.918365	0.686886	0.041970	33
9654.504676	101.921341	0.685923	0.041729	35
9656.530333	101.939713	0.684016	0.041356	37
9658.556953	101.996292	0.682672	0.041252	39
9660.582620	102.030602	0.682612	0.041028	41
9662.608616	102.012527	0.681996	0.040887	43
9664.634956	102.013382	0.680606	0.040618	45
9666.660903	102.039116	0.679913	0.040444	47
9668.687427	102.060814	0.679291	0.040427	49
9670.713724	102.042542	0.678825	0.040127	51
9672.740407	102.050507	0.678508	0.039734	53
9674.765841	102.096474	0.676817	0.039309	55
9676.791510	102.079468	0.675404	0.039710	57
9678.818248	102.099869	0.675020	0.039198	59
9680.844783	102.093224	0.674055	0.039077	61
9682.870660	102.091225	0.673763	0.038890	63
9684.896984	102.069588	0.672684	0.039061	65
9686.923264	102.107193	0.671675	0.039031	67
9688.949561	102.124550	0.671466	0.038935	69
9690.975453	102.119453	0.670787	0.038630	71
9693.001562	102.187149	0.669084	0.038491	73
9695.027223	102.212303	0.668171	0.038497	75
9697.053612	102.159714	0.667762	0.038385	77
9699.079071	102.181938	0.667118	0.038200	79
9701.106010	102.211418	0.666019	0.037988	81
9703.130765	102.214653	0.665472	0.037915	83
9705.156859	102.198227	0.664052	0.037613	85
9707.183678	102.254547	0.662839	0.037456	87
9709.209058	102.243500	0.661978	0.036959	89
9711.235185	102.245163	0.661134	0.036955	91
9713.261575	102.324921	0.658960	0.036758	93
9715.286848	102.329979	0.658215	0.036660	95
9717.312505	102.326210	0.657184	0.036511	97
9719.339244	102.334717	0.656641	0.036339	99
9721.365053	102.379639	0.655899	0.036047	101
9723.390823	102.394264	0.655145	0.035977	103
9725.416349	102.394112	0.654796	0.035880	105
9727.443317	102.407990	0.654212	0.035676	107
9729.468626	102.434174	0.652815	0.034982	109
9731.494555	102.405167	0.650964	0.035134	111
9733.521027	102.438042	0.651065	0.034996	113
9735.546805	102.478233	0.651018	0.034617	115
9737.572723	102.502014	0.650289	0.034474	117
9739.598871	102.490784	0.649399	0.034308	119
9741.624995	102.537170	0.648357	0.034010	121
9743.650062	102.538605	0.648037	0.033793	123
9745.676891	102.548599	0.646946	0.033681	125
9747.702506	102.562172	0.646383	0.033691	127
9749.728646	102.557541	0.645305	0.033447	129
9751.754859	102.554687	0.643498	0.033275	131
9753.780377	102.564789	0.642868	0.033010	133
9755.806750	102.583313	0.642223	0.032858	135
9757.833523	102.558411	0.641374	0.032468	137
9759.859320	102.544815	0.640491	0.032372	139
9761.884952	102.549652	0.639166	0.032337	141
9763.911223	102.524971	0.638569	0.032246	143
9765.937423	102.525398	0.637766	0.032073	145
9767.963764	102.519691	0.636916	0.031879	147
9769.989079	102.551430	0.637205	0.031727	149
9772.015465	102.576653	0.636074	0.031704	151
9774.042317	102.560631	0.634170	0.031556	153
9776.067575	102.575943	0.632835	0.031400	155
9778.093926	102.607422	0.632127	0.031186	157
9780.119485	102.597504	0.631285	0.030884	159
9782.146390	102.626549	0.630505	0.030665	161
9784.172090	102.617523	0.629610	0.030531	163
9786.198141	102.648605	0.628622	0.030322	165
9788.224042	102.678619	0.627562	0.030090	167
9790.249589	102.715988	0.627231	0.030156	169
9792.275505	102.712242	0.627173	0.029896	171
9794.301414	102.715149	0.625677	0.029643	173
9796.328080	102.763313	0.624772	0.029449	175
9798.352343	102.739700	0.624643	0.029270	177
9800.379653	102.745369	0.624066	0.029231	179
9802.405103	102.768547	0.622808	0.029029	181
9804.430913	102.763550	0.621629	0.028706	183
9806.456948	102.798843	0.619966	0.028402	185
9808.483965	102.818558	0.618572	0.028128	187
9810.508098	102.849205	0.617807	0.027782	189
9812.534215	102.860695	0.617067	0.027712	191
9814.560217	102.876328	0.616179	0.027535	193
9816.587431	102.896446	0.615106	0.027383	195
9818.612582	102.897995	0.614565	0.027147	197
9820.639140	102.881287	0.612884	0.027137	199
9822.665681	102.918114	0.612120	0.026953	201
9824.690510	102.926163	0.611531	0.026828	203
9826.716251	102.888107	0.611402	0.026586	205
9828.743101	102.904167	0.609774	0.026212	207
9830.768701	102.960167	0.609494	0.026221	209
9832.794149	102.944328	0.608548	0.026271	211
9834.820920	102.917114	0.607624	0.026230	213
9836.846518	102.957855	0.607811	0.026118	215
9838.871530	102.970589	0.607596	0.025856	217
9840.898285	102.953629	0.606576	0.025577	219
9842.926209	102.946983	0.605239	0.025480	221
9844.950031	102.970413	0.603742	0.025576	223
9846.977892	102.929832	0.603014	0.025406	225
9849.003155	102.986465	0.601819	0.025687	227
9851.028447	102.994286	0.600607	0.025631	229
9853.055077	102.994171	0.600438	0.025514	231
9855.081077	102.999405	0.599262	0.025480	233
9857.107682	102.984589	0.598801	0.025069	235
9859.132257	103.021530	0.597923	0.024530	237
9861.158932	102.961166	0.596963	0.024374	239
9863.185509	102.981956	0.595575	0.024511	241
9865.211011	103.042816	0.595180	0.024452	243
9867.236528	103.009659	0.594680	0.024377	245
9869.264159	103.022514	0.593881	0.024200	247
9871.288942	103.090164	0.592711	0.024164	249
9873.314568	103.124069	0.592231	0.024104	251
9875.340511	103.107140	0.591330	0.024076	253
9877.367595	103.116806	0.590517	0.023677	255
9879.391419	103.149567	0.590622	0.023516	1
9881.418431	103.143219	0.589887	0.023325	3
9883.444559	103.143158	0.588354	0.023041	5
9885.470386	103.181938	0.586727	0.022748	7
9887.495620	103.168221	0.586675	0.022565	9
9889.521948	103.156845	0.584941	0.022393	11
9891.547373	103.165871	0.584848	0.022093	13
9893.572931	103.175209	0.583884	0.022016	15
9895.599262	103.215248	0.583626	0.021646	17
9897.625037	103.213684	0.582156	0.021676	19
9899.649718	103.225777	0.581155	0.021322	21
9901.677723	103.217567	0.580377	0.021097	23
9903.704531	103.201134	0.579244	0.020834	25
9905.727928	103.216415	0.577647	0.020665	27
9907.753914	103.226631	0.577304	0.020472	29
9909.780678	103.230423	0.576222	0.020203	31
9911.807492	103.246803	0.575491	0.020028	33
9913.831584	103.235176	0.574886	0.019801	35
9915.858471	103.246941	0.573494	0.019586	37
9917.884999	103.245972	0.572926	0.019686	39
9919.910089	103.229782	0.572331	0.019826	41
9921.936025	103.209679	0.572069	0.019708	43
9923.962758	103.225883	0.571065	0.019627	45
9925.987842	103.221619	0.570230	0.019614	47
9928.013664	103.218369	0.569128	0.019489	49
9930.041093	103.195351	0.568394	0.019364	51
9932.066536	103.188309	0.567181	0.019173	53
9934.091534	103.235954	0.566739	0.019027	55
9936.118625	103.162148	0.565921	0.018714	57
9938.145101	103.146042	0.566068	0.018321	59
9940.169336	103.194923	0.565460	0.017874	61
9942.196106	103.183395	0.565617	0.017771	63
9944.222716	103.161049	0.564737	0.017764	65
9946.247364	103.188042	0.564294	0.017872	67
9948.274128	103.178673	0.563957	0.017820	69
9950.300118	103.161232	0.562663	0.017468	71
9952.326498	103.170883	0.561834	0.017306	73
9954.351192	103.185822	0.560512	0.017263	75
9956.376927	103.161476	0.559754	0.017169	77
9958.403514	103.188278	0.558487	0.017118	79
9960.428431	103.164116	0.557297	0.017010	81
9962.454241	103.161987	0.556753	0.016790	83
9964.480632	103.148376	0.555475	0.016586	85
9966.506278	103.163574	0.554441	0.016291	87
9968.532636	103.161255	0.554483	0.016000	89
9970.558838	103.159721	0.553476	0.015917	91
9972.584545	103.176811	0.552828	0.015513	93
9974.610081	103.175529	0.552266	0.015466	95
9976.636429	103.179947	0.551159	0.015287	97
9978.662343	103.184753	0.550306	0.015165	99
9980.687350	103.200089	0.549734	0.014993	101
9982.713080	103.198860	0.548532	0.014907	103
9984.739984	103.203331	0.547219	0.014799	105
9986.764869	103.218605	0.546791	0.014538	107
9988.790712	103.187386	0.545934	0.014387	109
9990.817172	103.174255	0.544695	0.014193	111
9992.842786	103.204025	0.544357	0.014032	113
9994.869391	103.223656	0.544351	0.013982	115
9996.894435	103.198662	0.544194	0.013966	117
9998.920995	103.227325	0.543822	0.013986	119
10000.946460	103.232750	0.543153	0.013898	121
10002.973488	103.206741	0.542895	0.013551	123
10004.998217	103.200706	0.541538	0.013475	125
10007.024847	103.214531	0.541735	0.013345	127
10009.051036	103.212929	0.540424	0.013000	129
10011.077035	103.204773	0.539834	0.012627	131
10013.102295	103.213043	0.538852	0.012647	133
10015.129564	103.228889	0.537513	0.012471	135
10017.155517	103.182587	0.535991	0.012369	137
10019.181071	103.235977	0.535892	0.012186	139
10021.206309	103.229591	0.535001	0.012137	141
10023.233111	103.252663	0.534165	0.012001	143
10025.258962	103.268402	0.534222	0.011578	145
10027.285142	103.269958	0.533632	0.011605	147
10029.310501	103.266685	0.532813	0.011647	149
10031.336478	103.291321	0.532034	0.011550	151
10033.362650	103.288498	0.530483	0.011339	153
10035.387338	103.327538	0.529564	0.011257	155
10037.414041	103.338181	0.529016	0.011412	157
10039.439300	103.305084	0.528279	0.011504	159
10041.465137	103.290794	0.527178	0.011386	161
10043.491070	103.323166	0.526437	0.010890	163
10045.516334	103.335373	0.525723	0.010719	165
10047.543182	103.340851	0.525584	0.010560	167
10049.568076	103.320618	0.524292	0.010273	169
10051.594620	103.308701	0.522437	0.010080	171
10053.619765	103.310150	0.522157	0.009960	173
10055.645895	103.282501	0.521848	0.009740	175
10057.672622	103.322617	0.521033	0.009529	177
10059.696600	103.321152	0.521202	0.009411	179
10061.723438	103.327423	0.519891	0.009212	181
10063.749914	103.308334	0.519172	0.009201	183
10065.773547	103.333565	0.518777	0.008965	185
10067.800040	103.307060	0.517982	0.008849	187
10069.825780	103.291840	0.517838	0.008941	189
10071.852118	103.298462	0.515678	0.008818	191
10073.875410	103.337021	0.515997	0.008737	193
10075.904402	103.310661	0.513821	0.008567	195
10077.933816	103.276733	0.513283	0.008412	197
10079.957207	103.293762	0.511140	0.008310	199
10081.984293	103.272263	0.510671	0.008182	201
10084.010806	103.281166	0.510541	0.007925	203
10086.036229	103.322319	0.508543	0.007851	205
10088.060878	103.242073	0.508127	0.007203	207
10090.087271	103.256706	0.507392	0.007190	209
10092.114274	103.296127	0.507701	0.006864	211
10094.140137	103.291496	0.507557	0.006467	213
10096.164885	103.281265	0.506837	0.006472	215
10098.192941	103.215164	0.506195	0.006515	217
10100.216246	103.247749	0.505958	0.006125	219
10102.243821	103.257324	0.505669	0.005851	221
10104.270093	103.238220	0.504763	0.005568	223
10106.295896	103.264267	0.503127	0.005119	225
10108.319550	103.265587	0.502540	0.004608	227
10110.347444	103.253090	0.501338	0.004149	229
10112.374167	103.259697	0.499848	0.003680	231
10114.397710	103.255592	0.499668	0.003352	233
10116.424998	103.276047	0.498675	0.003344	235
10118.451482	103.201172	0.496772	0.003208	237
10120.476884	103.225800	0.496023	0.002847	239
10122.502047	103.260612	0.495623	0.002626	241
10124.529588	103.253845	0.494723	0.002405	243
10126.554438	103.260948	0.494159	0.002090	245
10128.579882	103.250275	0.493231	0.002122	247
10130.606554	103.273315	0.492605	0.001691	249
10132.632782	103.282585	0.492304	0.001157	251
10134.657972	103.266449	0.491879	0.000955	253
10136.684596	103.268967	0.491043	0.000496	255
10138.710386	103.296043	0.490220	0.000386	1
10140.734745	103.272324	0.489253	0.000154	3
10142.759866	103.275246	0.489446	-0.000162	5
10144.787660	103.252617	0.488807	-0.000284	7
10146.813046	103.227608	0.487970	-0.000500	9
10148.837994	103.221169	0.486990	-0.000645	11
10150.864351	103.212517	0.485728	-0.000972	13
10152.891190	103.199898	0.484950	-0.001292	15
10154.915776	103.201294	0.483953	-0.001552	17
10156.941457	103.232483	0.483791	-0.001702	19
10158.968300	103.194374	0.482802	-0.001945	21
10160.994325	103.176346	0.482541	-0.002057	23
10163.019374	103.143913	0.481987	-0.002542	25
10165.045542	103.187683	0.480917	-0.002611	27
10167.072064	103.164734	0.480660	-0.002892	29
10169.096819	103.164200	0.479929	-0.003281	31
10171.123473	103.156219	0.479078	-0.003367	33
10173.149850	103.151657	0.477533	-0.003546	35
10175.175553	103.126320	0.477329	-0.003754	37
10177.200743	103.120461	0.476595	-0.003898	39
10179.228087	103.128082	0.475796	-0.004057	41
10181.251904	103.092323	0.474655	-0.004470	43
10183.279312	103.115662	0.474381	-0.004421	45
10185.305085	103.080727	0.473794	-0.004644	47
10187.332056	103.062057	0.472645	-0.004887	49
10189.356114	103.075203	0.472343	-0.005013	51
10191.382458	103.032867	0.471754	-0.005236	53
10193.409670	103.049568	0.470719	-0.005298	55
10195.434551	102.996223	0.470112	-0.005460	57
10197.462059	102.995094	0.469376	-0.005764	59
10199.488168	102.990868	0.468740	-0.006124	61
10201.513256	102.972839	0.468068	-0.006104	63
10203.538026	102.950005	0.467966	-0.006186	65
10205.564443	102.929962	0.467380	-0.006422	67
10207.592384	102.891243	0.467116	-0.006716	69
10209.645525	100.503578	0.441009	-0.002823	71
10211.671444	102.183975	0.463301	-0.008059	73
10213.697919	102.259346	0.462375	-0.009606	75
10215.727141	102.255173	0.461915	-0.010863	77
10217.755052	102.275932	0.461496	-0.012308	79
10219.781528	102.311607	0.460758	-0.013430	81
10221.809870	102.295021	0.460134	-0.014866	83
10223.839032	102.298294	0.459256	-0.016523	85
10225.865490	102.312195	0.458163	-0.017972	87
10227.891626	102.282997	0.457330	-0.019107	89
10229.920095	102.298828	0.456643	-0.020183	91
10231.948599	102.291191	0.455726	-0.021488	93
10233.975399	102.258232	0.455033	-0.022831	95
10236.003784	102.267212	0.454760	-0.024568	97
10238.031194	102.262192	0.453444	-0.026096	99
10240.057773	102.246475	0.452678	-0.027141	101
10242.086115	102.169983	0.451717	-0.028349	103
10244.114271	102.173950	0.450799	-0.029574	105
10246.141060	102.138634	0.451148	-0.030923	107
10248.169955	102.098602	0.450005	-0.032066	109
10250.197867	102.089607	0.449114	-0.033473	111
10252.225905	102.027313	0.448890	-0.034424	113
10254.253354	102.009048	0.447520	-0.035645	115
10256.280916	101.954666	0.446529	-0.037060	117
10258.307845	101.902458	0.445309	-0.038255	119
10260.336383	101.877052	0.445118	-0.039583	121
10262.364050	101.887703	0.443516	-0.040842	123
10264.391563	101.785507	0.443750	-0.041862	125
10266.419005	101.719688	0.443520	-0.043129	127
10268.447124	101.674309	0.442806	-0.044262	129
10270.473254	101.638206	0.442642	-0.045340	131
10272.501026	101.582039	0.441557	-0.046345	133
10274.529196	101.508125	0.440627	-0.047382	135
10276.556109	101.438446	0.439859	-0.048577	137
10278.585159	101.427979	0.438715	-0.049789	139
10280.612728	101.381813	0.438194	-0.050770	141
10282.640821	101.298004	0.437535	-0.052052	143
10284.668750	101.237129	0.436449	-0.052982	145
10286.695997	101.125214	0.435578	-0.053745	147
10288.722991	101.057632	0.434569	-0.054866	149
10290.750200	101.016220	0.433931	-0.055924	151
10292.778657	100.894585	0.433307	-0.056868	153
10294.807003	100.778717	0.433099	-0.057664	155
10296.834493	100.590691	0.432104	-0.058413	157
10298.861888	100.510124	0.430786	-0.059084	159
10300.889825	100.404518	0.430189	-0.059971	161
10302.916954	100.340553	0.429147	-0.060711	163
10304.944189	100.326538	0.427999	-0.061432	165
10306.972387	100.229790	0.427260	-0.062573	167
10309.000247	100.066986	0.426432	-0.063360	169
10311.028327	100.059738	0.425812	-0.064372	171
10313.055407	99.971283	0.425310	-0.065245	173
10315.083507	99.831123	0.424028	-0.065888	175
10317.111936	99.715317	0.423599	-0.066338	177
10319.139875	99.637718	0.422608	-0.066920	179
10321.167852	99.579926	0.422102	-0.067603	181
10323.196146	99.431885	0.421244	-0.068374	183
10325.225186	99.300781	0.421638	-0.069023	185
10327.251240	99.202255	0.421190	-0.069700	187
10329.277793	99.157356	0.420417	-0.070462	189
10331.306799	99.038345	0.419243	-0.071105	191
10333.337821	98.831215	0.419416	-0.071895	193
10335.361545	98.812653	0.418756	-0.072769	195
10337.390317	98.654053	0.417303	-0.073366	197
10339.419937	98.434387	0.416984	-0.073793	199
10341.447959	98.379028	0.416485	-0.074389	201
10343.473341	98.318054	0.415202	-0.075017	203
10345.501802	98.145401	0.414776	-0.075379	205
10347.532005	97.968475	0.413615	-0.075636	207
10349.557174	97.786324	0.412836	-0.076005	209
10351.584724	97.689087	0.412094	-0.076713	211
10353.614681	97.511490	0.411136	-0.077421	213
10355.642411	97.344498	0.410237	-0.077945	215
10357.669315	97.218636	0.409340	-0.078035	217
10359.696306	97.211174	0.408756	-0.078381	219
10361.726457	97.049538	0.407617	-0.078734	221
10363.753190	96.718292	0.407626	-0.078874	223
10365.780206	96.604927	0.407375	-0.079235	225
10367.807715	96.549622	0.406072	-0.079682	227
10369.838391	96.282509	0.405061	-0.079616	229
10371.866106	96.163040	0.405278	-0.079670	231
10373.891633	96.041290	0.403932	-0.079980	233
10375.919527	95.815918	0.403186	-0.080055	235
10377.949711	95.526329	0.402815	-0.080176	237
10379.976941	95.459129	0.402578	-0.080413	239
10382.003332	95.571007	0.401412	-0.080751	241
10384.033002	95.452530	0.400465	-0.081165	243
10386.061225	95.221291	0.401013	-0.081502	245
10388.089034	95.051315	0.399675	-0.081437	247
10390.115112	94.883537	0.398508	-0.081476	249
10392.144769	94.627899	0.398274	-0.081731	251
10394.171809	94.539177	0.397838	-0.082073	253
10396.198025	94.484673	0.397100	-0.082360	255
10398.227551	94.249672	0.396368	-0.082274	1
10400.256972	94.007919	0.396251	-0.082282	3
10402.284813	93.947281	0.395937	-0.082356	5
10404.312647	93.913132	0.395102	-0.082893	7
10406.340540	93.570953	0.394639	-0.082858	9
10408.371149	93.358200	0.394513	-0.082812	11
10410.396974	93.348755	0.393537	-0.083025	13
10412.423754	93.187981	0.392700	-0.082927	15
10414.456053	92.913193	0.392531	-0.082810	17
10416.481043	92.766220	0.391550	-0.082757	19
10418.506542	92.648262	0.390216	-0.082739	21
10420.535432	92.432503	0.389423	-0.082442	23
10422.564400	92.274368	0.389029	-0.082361	25
10424.590857	92.174217	0.388278	-0.082490	27
10426.617534	92.010269	0.387638	-0.082438	29
10428.648408	91.853622	0.387382	-0.082273	31
10430.677580	91.652573	0.386734	-0.082179	33
10432.703841	91.437088	0.386682	-0.081963	35
10434.729360	91.302841	0.385296	-0.081728	37
10436.759637	91.054375	0.384919	-0.081537	39
10438.788673	90.811607	0.384644	-0.081139	41
10440.812359	90.772430	0.383904	-0.080728	43
10442.842468	90.558876	0.382800	-0.080251	45
10444.871588	90.291862	0.382768	-0.079723	47
10446.895957	90.238365	0.382416	-0.079587	49
10448.923502	90.178566	0.381866	-0.079505	51
10450.952047	89.800003	0.381957	-0.079062	53
10452.980970	89.667801	0.382364	-0.078914	55
10455.007593	89.705490	0.381066	-0.079001	57
10457.035389	89.436806	0.380065	-0.078486	59
10459.065021	89.132622	0.379925	-0.077758	61
10461.092235	89.033264	0.379890	-0.077715	63
10463.117226	88.820641	0.378965	-0.077384	65
10465.144830	88.649857	0.380324	-0.077509	67
10467.171150	88.479446	0.379371	-0.076538	69
10469.203209	88.318993	0.378888	-0.076328	71
10471.232591	88.157448	0.378303	-0.075743	73
10473.254857	88.051636	0.377109	-0.075546	75
10475.285502	87.988998	0.376396	-0.074984	77
10477.313516	87.846703	0.375275	-0.074537	79
10479.338338	87.532150	0.375499	-0.073748	81
10481.368779	87.398071	0.375429	-0.073336	83
10483.397107	87.208397	0.374558	-0.072615	85
10485.423129	87.139870	0.374230	-0.072191	87
10487.450635	86.971405	0.373206	-0.071709	89
10489.480320	86.714546	0.372780	-0.071010	91
10491.509073	86.596024	0.371626	-0.070444	93
10493.535196	86.479332	0.370780	-0.069992	95
10495.561657	86.223824	0.370902	-0.069784	97
10497.590022	85.987152	0.370919	-0.069373	99
10499.618830	85.914078	0.370140	-0.068649	101
10501.646962	85.817131	0.369513	-0.068129	103
10503.673174	85.723137	0.368619	-0.067516	105
10505.702294	85.467949	0.368405	-0.066611	107
10507.731092	85.255051	0.368065	-0.065648	109
10509.756058	85.176628	0.368311	-0.065194	111
10511.784187	85.051529	0.367924	-0.064478	113
10513.811975	84.796280	0.367977	-0.064318	115
10515.840647	84.627663	0.366998	-0.063151	117
10517.866995	84.513519	0.366749	-0.062606	119
10519.896311	84.321968	0.366584	-0.061924	121
10521.922305	84.182327	0.366823	-0.061314	123
10523.948265	84.114830	0.365921	-0.060469	125
10525.977710	83.982544	0.365060	-0.059754	127
10528.005032	83.889702	0.364563	-0.058958	129
10530.032783	83.760971	0.364152	-0.058189	131
10532.060649	83.488861	0.364060	-0.057357	133
10534.090561	83.298317	0.363445	-0.056382	135
10536.117213	83.270607	0.362695	-0.055742	137
10538.141907	83.146103	0.361978	-0.055048	139
10540.169834	82.910934	0.362203	-0.054446	141
10542.198065	82.862541	0.362252	-0.053783	143
10544.224263	82.809967	0.361365	-0.053180	145
10546.258352	76.816559	0.363339	-0.055774	147
10548.280322	71.268661	0.370126	-0.057235	149
10550.304860	71.239296	0.367426	-0.055822	151
10552.333841	71.235840	0.363980	-0.054154	153
10554.370439	71.444084	0.364568	-0.052771	155
10556.395726	71.761284	0.363018	-0.052058	157
10558.437488	72.125542	0.363756	-0.051384	159
10560.460368	72.697647	0.361748	-0.051566	161
10562.497532	72.474907	0.360469	-0.050120	163
10564.527192	72.123726	0.362585	-0.048457	165
10566.549381	71.888664	0.360786	-0.047095	167
10568.574172	71.273972	0.361059	-0.044680	169
10570.601444	71.031807	0.362281	-0.043189	171
10572.625903	70.775429	0.361681	-0.041431	173
10574.647347	70.564087	0.363600	-0.039324	175
10576.661157	70.593910	0.363609	-0.037711	177
10578.683535	70.349930	0.363337	-0.035915	179
10580.708657	70.135971	0.362653	-0.034146	181
10582.739775	70.180855	0.360831	-0.033057	183
10584.617699	116.895714	0.208866	-0.100000	185
10586.341351	105.125145	0.092573	-0.100000	187
10589.094144	305.364990	0.472255	0.100000	189
