crossing time (s)	slope (V/s)	crossing number
5467.448855	2.823405	3514
5468.450536	2.839476	3515
5469.471618	2.844952	3516
5470.479888	2.657028	3517
5471.500022	2.575599	3518
5472.506923	2.627306	3519
5473.523803	2.643369	3520
5474.532333	2.932270	3521
5475.557278	3.111872	3522
5476.567573	3.725758	3523
5477.592626	3.187394	3524
5478.603527	3.508395	3525
5479.624676	3.209364	3526
5480.632795	3.872704	3527
5481.653654	3.850334	3528
5482.664239	4.286538	3529
5483.687432	3.796116	3530
5484.694672	4.333900	3531
5485.715600	4.138063	3532
5486.724042	4.743216	3533
5487.747905	4.542275	3534
5488.755960	4.583189	3535
5489.778950	4.458525	3536
5490.784996	4.849939	3537
5491.809845	5.034773	3538
5492.815956	5.351787	3539
5493.842854	5.453372	3540
5494.847652	5.623451	3541
5495.875881	6.196264	3542
5496.878293	5.950014	3543
5497.906138	7.093004	3544
5498.909645	5.892741	3545
5499.939394	7.584503	3546
5500.941792	5.621667	3547
5501.974561	8.087793	3548
5502.964503	4.396976	3549
5504.007397	7.614415	3550
5504.998564	3.744445	3551
5506.032386	5.802269	3552
5507.033739	4.382971	3553
5508.045689	3.260196	3554
5509.061479	5.354234	3555
5510.086056	3.753193	3556
5511.090187	5.929064	3557
5512.117354	4.582089	3558
5513.119190	6.207916	3559
5514.145887	5.100222	3560
5515.148923	6.403140	3561
5516.175207	5.294107	3562
5517.178314	6.409643	3563
5518.205780	5.438137	3564
5519.208034	6.491356	3565
5520.235258	5.495716	3566
5521.236772	6.681281	3567
5522.265527	5.650948	3568
5523.266779	6.682659	3569
5524.293095	5.848083	3570
5525.294553	6.816222	3571
5526.321575	5.979613	3572
5527.322390	6.955417	3573
5528.350156	6.248687	3574
5529.352262	7.201054	3575
5530.378886	6.763811	3576
5531.382572	7.547832	3577
5532.406590	7.132900	3578
5533.409103	7.944430	3579
5534.434560	7.730815	3580
5535.438329	8.244946	3581
5536.460250	8.307120	3582
5537.468244	8.836511	3583
5538.488515	8.889499	3584
5539.497342	9.173353	3585
5540.517157	9.227785	3586
5541.525479	9.455560	3587
5542.542376	9.568282	3588
5543.555317	9.626915	3589
5544.571186	9.671096	3590
5545.584697	9.723974	3591
5546.598123	9.774204	3592
5547.612117	9.753988	3593
5548.625180	9.761974	3594
5549.641283	9.962286	3595
5550.655021	9.910237	3596
5551.670488	9.989381	3597
5552.682765	10.005047	3598
5553.697530	10.038421	3599
5554.710114	10.084294	3600
5555.725615	10.288173	3601
5556.739614	10.388060	3602
5557.754969	10.436352	3603
5558.768370	10.591298	3604
5559.782622	10.673090	3605
5560.794708	10.592648	3606
5561.809879	10.770561	3607
5562.823815	10.690623	3608
5563.836374	10.742278	3609
5564.851398	10.841549	3610
5565.861884	10.783205	3611
5566.879987	10.793676	3612
5567.890038	10.516933	3613
5568.911267	10.819448	3614
5569.917518	10.461355	3615
5570.941427	11.087755	3616
5571.946544	10.787765	3617
5572.970147	11.644650	3618
5573.976141	11.055267	3619
5574.999543	12.522644	3620
5576.004451	11.329378	3621
5577.028404	12.662726	3622
5578.032659	11.623597	3623
5579.055969	13.043206	3624
5580.059923	11.757949	3625
5581.084846	13.325125	3626
5582.087481	11.819522	3627
5583.112674	13.507197	3628
5584.115801	11.914821	3629
5585.140159	13.339977	3630
5586.142860	11.780935	3631
5587.168515	13.261667	3632
5588.169917	11.853578	3633
5589.194612	13.173412	3634
5590.197649	11.620093	3635
5591.224205	13.227089	3636
5592.226132	11.480005	3637
5593.250493	12.962838	3638
5594.253740	11.410003	3639
5595.279971	12.969853	3640
5596.280466	11.311383	3641
5597.307254	13.120747	3642
5598.308131	11.112030	3643
5599.334616	12.621543	3644
5600.335265	10.929045	3645
5601.362160	12.354282	3646
5602.361453	10.706427	3647
5603.386844	12.093662	3648
5604.388367	10.962308	3649
5605.412938	12.077748	3650
5606.415115	10.931100	3651
5607.438132	11.541284	3652
5608.441044	10.745577	3653
5609.462740	11.451040	3654
5610.469824	11.285025	3655
5611.487854	11.728390	3656
5612.496911	11.406597	3657
5613.514748	11.720917	3658
5614.525785	11.659233	3659
5615.542600	11.991339	3660
5616.553887	11.780416	3661
5617.568398	12.138433	3662
5618.581461	12.294901	3663
5619.594326	12.155328	3664
5620.609287	12.438764	3665
5621.621912	12.426478	3666
5622.635012	12.411895	3667
5623.649035	12.378977	3668
5624.661151	12.377357	3669
5625.676458	12.556174	3670
5626.690180	12.681987	3671
5627.702622	12.753947	3672
5628.716913	12.669709	3673
5629.730286	12.657341	3674
5630.744577	12.681957	3675
5631.759578	12.598030	3676
5632.771211	12.715790	3677
5633.786618	12.751463	3678
5634.797403	12.854279	3679
5635.814696	12.940495	3680
5636.824086	12.691003	3681
5637.843384	12.720190	3682
5638.852340	12.417021	3683
5639.872060	12.607731	3684
5640.878621	12.587279	3685
5641.900168	12.934508	3686
5642.907948	12.821336	3687
5643.929504	13.445937	3688
5644.935975	12.927131	3689
5645.959127	13.854532	3690
5646.962137	13.252255	3691
5647.985879	14.128441	3692
5648.989905	13.684064	3693
5650.012369	14.661935	3694
5651.017854	14.053781	3695
5652.040124	14.942990	3696
5653.047396	14.077535	3697
5654.067762	15.055544	3698
5655.072477	14.208307	3699
5656.094372	15.108369	3700
5657.098484	14.691815	3701
5658.121660	15.332254	3702
5659.126865	14.712141	3703
5660.147332	15.360518	3704
5661.154368	14.510550	3705
5662.174193	15.080596	3706
5663.179565	14.638375	3707
5664.200655	15.201609	3708
5665.207370	14.791012	3709
5666.228182	15.302898	3710
5667.234810	14.734206	3711
5668.256158	14.933873	3712
5669.260179	14.542249	3713
5670.281710	14.731437	3714
5671.287502	14.554019	3715
5672.308027	14.817561	3716
5673.315259	14.518109	3717
5674.334951	14.689512	3718
5675.342811	14.162046	3719
5676.362676	14.220864	3720
5677.370343	13.902996	3721
5678.388828	14.050472	3722
5679.396699	14.021556	3723
5680.416566	14.011379	3724
5681.425760	13.834548	3725
5682.443286	13.832225	3726
5683.453064	13.522083	3727
5684.470195	13.592036	3728
5685.480055	13.574750	3729
5686.497285	13.750424	3730
5687.507859	13.806746	3731
5688.523946	13.836755	3732
5689.536909	13.706272	3733
5690.551823	13.691148	3734
5691.564662	13.682107	3735
5692.578923	13.693270	3736
5693.591444	13.808305	3737
5694.605811	13.854869	3738
5695.618895	13.906858	3739
5696.633656	13.881824	3740
5697.646826	13.809094	3741
5698.661151	13.750844	3742
5699.673177	13.683821	3743
5700.687336	13.916954	3744
5701.700241	13.871652	3745
5702.715848	13.985230	3746
5703.728312	14.022466	3747
5704.744665	13.907028	3748
5705.755272	13.944728	3749
5706.771184	13.967300	3750
5707.780934	13.847790	3751
5708.798482	13.996668	3752
5709.808372	13.976587	3753
5710.828282	14.250743	3754
5711.835820	13.967666	3755
5712.854363	14.277695	3756
5713.861740	14.006837	3757
5714.881661	14.305498	3758
5715.889521	14.271517	3759
5716.909740	14.599621	3760
5717.916547	14.476778	3761
5718.937219	14.817916	3762
5719.945050	14.457081	3763
5720.965409	14.819938	3764
5721.970705	14.512642	3765
5722.991770	14.936592	3766
5723.997665	14.681374	3767
5725.020632	15.088502	3768
5726.025973	14.787975	3769
5727.047708	15.100696	3770
5728.050796	14.719441	3771
5729.073791	14.975250	3772
5730.079251	14.876302	3773
5731.100189	14.979945	3774
5732.106445	14.820212	3775
5733.129639	15.062150	3776
5734.132592	14.782783	3777
5735.155518	15.047053	3778
5736.160637	14.712231	3779
5737.183216	15.040467	3780
5738.189280	14.714621	3781
5739.209039	14.958186	3782
5740.214665	14.859150	3783
5741.236022	14.916197	3784
5742.242788	14.697394	3785
5743.264167	14.959629	3786
5744.270881	14.682845	3787
5745.291248	14.839325	3788
5746.298049	14.701182	3789
5747.318448	14.872128	3790
5748.324664	14.650348	3791
5749.344894	14.837456	3792
5750.353205	14.571028	3793
5751.371776	14.692338	3794
5752.380128	14.551098	3795
5753.398902	14.715029	3796
5754.406737	14.538910	3797
5755.425245	14.608040	3798
5756.434392	14.458733	3799
5757.451548	14.501416	3800
5758.462679	14.400345	3801
5759.478191	14.466882	3802
5760.490600	14.366576	3803
5761.506592	14.407512	3804
5762.518920	14.399908	3805
5763.533925	14.485625	3806
5764.546579	14.493540	3807
5765.561057	14.496333	3808
5766.572922	14.421385	3809
5767.587091	14.403908	3810
5768.599827	14.323983	3811
5769.615560	14.508758	3812
5770.627856	14.482739	3813
5771.642679	14.510442	3814
5772.653719	14.371665	3815
5773.668729	14.614185	3816
5774.680498	14.500009	3817
5775.698243	14.572048	3818
5776.707910	14.481301	3819
5777.726473	14.626194	3820
5778.736560	14.620917	3821
5779.753633	14.703923	3822
5780.762658	14.541499	3823
5781.780421	14.771678	3824
5782.789554	14.812292	3825
5783.808082	14.921529	3826
5784.817147	14.708628	3827
5785.835930	14.982649	3828
5786.844036	14.701054	3829
5787.864318	15.097556	3830
5788.870479	14.815534	3831
5789.890285	15.145635	3832
5790.898219	14.923044	3833
5791.918549	15.014682	3834
5792.922308	14.930240	3835
5793.943562	14.850502	3836
5794.949474	14.906199	3837
5795.970004	14.558717	3838
5796.975750	14.770410	3839
5797.996996	14.365023	3840
5799.003840	14.382990	3841
5800.024937	14.136923	3842
5801.029406	14.061008	3843
5802.053195	13.920499	3844
5803.057388	14.006945	3845
5804.079767	13.966312	3846
5805.083653	13.994020	3847
5806.106568	13.935711	3848
5807.111158	13.929938	3849
5808.134432	14.002235	3850
5809.139423	13.938850	3851
5810.160896	14.212115	3852
5811.165796	14.168344	3853
5812.187705	14.344653	3854
5813.193462	14.114265	3855
5814.214566	14.314523	3856
5815.219051	14.308445	3857
5816.240738	14.269665	3858
5817.246576	14.254677	3859
5818.265938	14.194408	3860
5819.274176	14.186114	3861
5820.292058	14.100975	3862
5821.301005	14.099930	3863
5822.318891	14.000953	3864
5823.328183	13.885661	3865
5824.345713	13.744632	3866
5825.354667	13.877244	3867
5826.372243	13.885977	3868
5827.381659	13.985525	3869
5828.398888	13.801801	3870
5829.409456	13.673283	3871
5830.426878	13.697473	3872
5831.436627	13.753794	3873
5832.452944	13.708675	3874
5833.463115	13.707325	3875
5834.479449	13.690115	3876
5835.489874	13.645593	3877
5836.505392	13.653032	3878
5837.516319	13.568438	3879
5838.533275	13.555115	3880
5839.543545	13.577207	3881
5840.559904	13.590555	3882
5841.571745	13.675511	3883
5842.587249	13.675367	3884
5843.597701	13.538368	3885
5844.613572	13.453947	3886
5845.624600	13.428408	3887
5846.640806	13.411919	3888
5847.650435	13.506917	3889
5848.667490	13.513425	3890
5849.677015	13.486835	3891
5850.694409	13.328985	3892
5851.704424	13.283795	3893
5852.722444	13.225706	3894
5853.730454	13.297253	3895
5854.750875	13.234638	3896
5855.756524	13.299608	3897
5856.779142	13.316831	3898
5857.783551	13.253134	3899
5858.804700	13.225853	3900
5859.809436	13.199762	3901
5860.830175	13.126365	3902
5861.836141	13.257492	3903
5862.857381	13.239178	3904
5863.863694	13.243434	3905
5864.884743	13.194940	3906
5865.890586	13.129837	3907
5866.913003	13.050697	3908
5867.916519	13.057885	3909
5868.938324	13.043853	3910
5869.942463	13.118136	3911
5870.966393	13.011516	3912
5871.971041	13.106257	3913
5872.984581	12.817244	3914
5873.996428	12.886346	3915
5875.019397	12.849037	3916
5876.023133	12.923322	3917
5877.045564	12.813998	3918
5878.050711	12.892677	3919
5879.072703	12.879126	3920
5880.077844	12.737935	3921
5881.099779	12.716795	3922
5882.103854	12.688996	3923
5883.126251	12.754649	3924
5884.131335	12.798513	3925
5885.152075	12.824533	3926
5886.159387	12.806846	3927
5887.180243	12.749222	3928
5888.186503	12.678066	3929
5889.205329	12.603791	3930
5890.213147	12.622865	3931
5891.231963	12.554121	3932
5892.239778	12.759375	3933
5893.258281	12.692177	3934
5894.267262	12.636707	3935
5895.286040	12.485875	3936
5896.293661	12.457223	3937
5897.310798	12.380522	3938
5898.320798	12.561991	3939
5899.337579	12.585267	3940
5900.348912	12.507391	3941
5901.366839	12.535334	3942
5902.374092	12.263827	3943
5903.392991	12.281012	3944
5904.402583	12.299052	3945
5905.416468	12.396055	3946
5906.428141	12.422828	3947
5907.445502	12.377548	3948
5908.456317	12.373846	3949
5909.471380	12.305909	3950
5910.482747	12.278463	3951
5911.498776	12.078910	3952
5912.509839	12.226096	3953
5913.525192	12.219972	3954
5914.536241	12.327392	3955
5915.552731	12.282008	3956
5916.563276	12.146810	3957
5917.580760	12.032273	3958
5918.586825	12.114473	3959
5919.605837	12.055305	3960
5920.614662	12.271871	3961
5921.633405	12.171856	3962
5922.642180	12.082251	3963
5923.661899	12.065484	3964
5924.668786	11.894155	3965
5925.687781	11.881596	3966
5926.693696	11.963405	3967
5927.714403	11.940700	3968
5928.719665	12.067581	3969
5929.741520	11.997051	3970
5930.747724	11.954800	3971
5931.768871	11.848211	3972
5932.773844	11.748573	3973
5933.795243	11.838962	3974
5934.800863	11.969582	3975
5935.822668	11.984990	3976
5936.828593	11.914417	3977
5937.849784	11.948598	3978
5938.854034	11.685701	3979
5939.877276	11.662496	3980
5940.880513	11.747191	3981
5941.902496	11.671261	3982
5942.908512	11.858582	3983
5943.929859	11.801921	3984
5944.934131	11.706681	3985
5945.957650	11.620382	3986
5946.960562	11.532721	3987
5947.982646	11.428574	3988
5948.986553	11.621910	3989
5950.009841	11.702378	3990
5951.014634	11.678811	3991
5952.036469	11.605315	3992
5953.041651	11.536045	3993
5954.063316	11.451277	3994
5955.068741	11.516387	3995
5956.090108	11.468015	3996
5957.095164	11.615060	3997
5958.115987	11.652831	3998
5959.124032	11.448158	3999
5960.143960	11.559241	4000
5961.149828	11.283609	4001
5962.169740	11.278684	4002
5963.176667	11.468447	4003
5964.194123	11.369645	4004
5965.202871	11.419112	4005
5966.221950	11.396550	4006
5967.230313	11.283022	4007
5968.249403	11.280447	4008
5969.257719	11.221798	4009
5970.275147	11.286056	4010
5971.283998	11.257706	4011
5972.301403	11.308505	4012
5973.310691	11.357909	4013
5974.326787	11.193120	4014
5975.337858	11.095878	4015
5976.353478	11.047489	4016
5977.363031	11.251572	4017
5978.379503	11.170326	4018
5979.391264	11.340594	4019
5980.407717	11.246183	4020
5981.419549	11.118135	4021
5982.435766	11.076403	4022
5983.445773	10.985109	4023
5984.462107	10.891869	4024
5985.469958	11.078512	4025
5986.488634	11.038111	4026
5987.496154	11.037131	4027
5988.515747	10.949383	4028
5989.524123	10.910409	4029
5990.540753	10.842464	4030
5991.550610	11.000023	4031
5992.567972	10.895436	4032
5993.576569	10.928811	4033
5994.595460	10.917040	4034
5995.602838	10.928369	4035
5996.622091	10.807387	4036
5997.627904	10.706073	4037
5998.649583	10.632228	4038
5999.654859	10.821921	4039
6000.676565	10.733238	4040
6001.682431	10.837376	4041
6002.704189	10.878701	4042
6003.709549	10.712752	4043
6004.731582	10.806926	4044
6005.736319	10.641169	4045
6006.756255	10.642040	4046
6007.760702	10.762891	4047
6008.782690	10.655092	4048
6009.787462	10.810281	4049
6010.810723	10.632357	4050
6011.814268	10.561165	4051
6012.836996	10.552561	4052
6013.840875	10.669382	4053
6014.864069	10.567721	4054
6015.869027	10.754738	4055
6016.891136	10.683504	4056
6017.896459	10.518469	4057
6018.918710	10.606263	4058
6019.920825	10.391515	4059
6020.942634	10.372000	4060
6021.947508	10.548559	4061
6022.968536	10.522063	4062
6023.974489	10.587199	4063
6024.997584	10.513744	4064
6026.001474	10.415214	4065
6027.024838	10.390025	4066
6028.029715	10.377599	4067
6029.049395	10.354090	4068
6030.056067	10.516031	4069
6031.075139	10.405976	4070
6032.081685	10.364304	4071
6033.102059	10.324709	4072
6034.108466	10.222765	4073
6035.128034	10.306791	4074
6036.137445	10.203660	4075
6037.154721	10.286557	4076
6038.163641	10.318447	4077
6039.181189	10.427638	4078
6040.189223	10.170278	4079
6041.207044	10.130302	4080
6042.216551	10.197224	4081
6043.233354	10.156742	4082
6044.244199	10.264052	4083
6045.261512	10.187170	4084
6046.270130	10.251627	4085
6047.287084	10.194889	4086
6048.296875	10.119854	4087
6049.313902	10.042591	4088
6050.323678	10.209235	4089
6051.340853	10.032554	4090
6052.349933	10.136333	4091
6053.366310	10.077342	4092
6054.376944	10.089382	4093
6055.394145	9.967460	4094
6056.404359	9.912511	4095
6057.421567	9.869014	4096
6058.428244	10.058623	4097
6059.447699	9.907425	4098
6060.456925	9.992719	4099
6061.474666	9.900973	4100
6062.481251	9.902045	4101
6063.502293	9.878863	4102
6064.508528	9.876739	4103
6065.529168	9.949586	4104
6066.535677	9.903845	4105
6067.554475	9.890870	4106
6068.560573	9.893063	4107
6069.581242	9.879422	4108
6070.587545	9.829566	4109
6071.609362	9.781276	4110
6072.614627	9.887118	4111
6073.635328	9.710425	4112
6074.639208	9.717734	4113
6075.661875	9.747622	4114
6076.667562	9.802089	4115
6077.688506	9.685104	4116
6078.694855	9.673736	4117
6079.715994	9.723381	4118
6080.718735	9.681604	4119
6081.741379	9.607669	4120
6082.746842	9.789091	4121
6083.768024	9.695103	4122
6084.774245	9.694327	4123
6085.796653	9.678067	4124
6086.799979	9.622730	4125
6087.821984	9.607672	4126
6088.825318	9.565366	4127
6089.848368	9.519830	4128
6090.853072	9.631305	4129
6091.874603	9.542277	4130
6092.878817	9.614880	4131
6093.901329	9.551972	4132
6094.905344	9.508812	4133
6095.927470	9.668856	4134
6096.932714	9.447776	4135
6097.954861	9.502759	4136
6098.959255	9.520292	4137
6099.980720	9.442224	4138
6100.987934	9.401347	4139
6102.006462	9.377844	4140
6103.012869	9.317936	4141
6104.033678	9.342589	4142
6105.040632	9.417713	4143
6106.058610	9.505643	4144
6107.067755	9.479012	4145
6108.086003	9.351505	4146
6109.093967	9.276716	4147
6110.112169	9.226669	4148
6111.121111	9.319992	4149
6112.138637	9.370072	4150
6113.148059	9.317227	4151
6114.164767	9.373306	4152
6115.174766	9.264368	4153
6116.191585	9.202073	4154
6117.201195	9.068064	4155
6118.217747	9.126745	4156
6119.227265	9.373724	4157
6120.244104	9.263974	4158
6121.255498	9.229664	4159
6122.272703	9.113392	4160
6123.280167	9.056202	4161
6124.298292	9.058574	4162
6125.307536	9.195846	4163
6126.324370	9.195980	4164
6127.332724	9.279662	4165
6128.351709	9.239628	4166
6129.360651	9.038869	4167
6130.379274	9.047359	4168
6131.385772	8.984834	4169
6132.405319	8.949172	4170
6133.412939	9.261710	4171
6134.430631	9.059216	4172
6135.440208	9.061565	4173
6136.460047	8.849910	4174
6137.464341	8.901733	4175
6138.485095	8.835285	4176
6139.491793	8.834617	4177
6140.512318	8.968041	4178
6141.518275	9.063318	4179
6142.539581	8.922228	4180
6143.544314	8.944142	4181
6144.566278	8.858442	4182
6145.574359	8.747153	4183
6146.593278	8.827001	4184
6147.595695	9.006668	4185
6148.619009	8.964746	4186
6149.624067	8.937909	4187
6150.646592	8.890787	4188
6151.649931	8.748143	4189
6152.673079	8.641854	4190
6153.676861	8.785667	4191
6154.698916	8.691830	4192
6155.702554	8.835024	4193
6156.725667	8.913809	4194
6157.729138	8.776145	4195
6158.751325	8.723516	4196
6159.756530	8.580091	4197
6160.778274	8.614846	4198
6161.782698	8.795127	4199
6162.805899	8.714759	4200
6163.809946	8.742403	4201
6164.831485	8.705838	4202
6165.835531	8.490075	4203
6166.858759	8.485860	4204
6167.862125	8.673328	4205
6168.883632	8.606017	4206
6169.890566	8.691498	4207
6170.911329	8.651011	4208
6171.916339	8.359245	4209
